age,sex,trestbps,chol,fbs,thalch,exang,oldpeak,target,trestbps_missing,chol_missing,thalch_missing,oldpeak_missing,cp_asymptomatic,cp_atypical angina,cp_non-anginal,cp_typical angina,restecg_Unknown,restecg_lv hypertrophy,restecg_normal,restecg_st-t abnormality
0.6923076923076923,1,0.75,0.11204481792717087,1,0.2777777777777778,0,1.2,0,0,0,0,0,0,0,0,1,0,1,0,0
1.0,1,1.5,0.7058823529411765,0,-0.8888888888888888,1,0.6666666666666666,1,0,0,0,0,1,0,0,0,0,1,0,0
1.0,1,-0.5,0.06722689075630252,0,-0.3055555555555556,1,1.4000000000000001,1,0,0,0,0,1,0,0,0,0,1,0,0
-1.3076923076923077,1,0.0,0.3025210084033613,0,1.3055555555555556,0,2.0,0,0,0,0,0,0,0,1,0,0,0,1,0
-1.0,0,0.0,-0.21288515406162464,0,0.8888888888888888,0,0.6,0,0,0,0,0,0,1,0,0,0,1,0,0
0.15384615384615385,1,-0.5,0.14565826330532214,0,1.0555555555555556,0,0.20000000000000004,0,0,0,0,0,0,1,0,0,0,0,1,0
0.6153846153846154,0,0.5,0.5042016806722689,0,0.5555555555555556,0,2.066666666666667,1,0,0,0,0,1,0,0,0,0,1,0,0
0.23076923076923078,0,-0.5,1.4677871148459383,0,0.6388888888888888,1,0.06666666666666665,0,0,0,0,0,1,0,0,0,0,0,1,0
0.6923076923076923,1,0.0,0.3473389355742297,0,0.19444444444444445,0,0.6,1,0,0,0,0,1,0,0,0,0,1,0,0
-0.07692307692307693,1,0.5,-0.22408963585434175,1,0.4166666666666667,1,1.7333333333333334,1,0,0,0,0,1,0,0,0,0,1,0,0
0.23076923076923078,1,0.5,-0.3473389355742297,0,0.2222222222222222,0,-0.06666666666666665,0,0,0,0,0,1,0,0,0,0,0,1,0
0.15384615384615385,0,0.5,0.7955182072829131,0,0.3611111111111111,0,0.5333333333333333,0,0,0,0,0,0,1,0,0,0,1,0,0
0.15384615384615385,1,0.0,0.3697478991596639,1,0.05555555555555555,1,0.06666666666666665,1,0,0,0,0,0,0,1,0,0,1,0,0
-0.7692307692307693,1,-0.5,0.4481792717086835,0,0.9166666666666666,0,-0.3333333333333333,0,0,0,0,0,0,1,0,0,0,0,1,0
-0.15384615384615385,1,2.1,-0.2689075630252101,1,0.6111111111111112,0,0.0,0,0,0,0,0,0,0,1,0,0,0,1,0
0.23076923076923078,1,1.0,-0.6162464985994398,0,0.9444444444444444,0,0.7333333333333334,0,0,0,0,0,0,0,1,0,0,0,1,0
-0.46153846153846156,1,-1.0,0.06722689075630252,0,0.7777777777777778,0,0.3333333333333333,1,0,0,0,0,0,1,0,0,0,0,1,0
0.0,1,0.5,0.1792717086834734,0,0.5555555555555556,0,0.4666666666666666,0,0,0,0,0,1,0,0,0,0,0,1,0
-0.46153846153846156,0,0.0,0.5826330532212886,0,-0.027777777777777776,0,-0.19999999999999998,0,0,0,0,0,0,0,1,0,0,0,1,0
-0.38461538461538464,1,0.0,0.48179271708683474,0,0.8611111111111112,0,0.06666666666666665,0,0,0,0,0,0,1,0,0,0,0,1,0
0.7692307692307693,1,-1.0,-0.13445378151260504,0,0.1111111111111111,1,0.8666666666666667,0,0,0,0,0,0,0,0,1,0,1,0,0
0.3076923076923077,0,1.0,0.6722689075630253,1,0.6111111111111112,0,0.3333333333333333,0,0,0,0,0,0,0,0,1,0,1,0,0
0.3076923076923077,1,-0.5,0.6834733893557423,0,0.5555555555555556,0,0.8666666666666667,1,0,0,0,0,0,1,0,0,0,1,0,0
0.3076923076923077,1,0.1,0.011204481792717087,0,0.9166666666666666,0,1.8,1,0,0,0,0,0,0,1,0,0,1,0,0
0.46153846153846156,1,0.0,-0.19047619047619047,0,-0.2222222222222222,1,1.2666666666666666,1,0,0,0,0,1,0,0,0,0,1,0,0
-0.3076923076923077,0,-0.5,-0.04481792717086835,0,0.5,0,0.7333333333333334,0,0,0,0,0,0,0,1,0,0,0,1,0
0.3076923076923077,0,-0.5,1.3109243697478992,0,0.8888888888888888,0,-0.3333333333333333,0,0,0,0,0,0,0,1,0,0,0,1,0
0.9230769230769231,0,1.0,0.03361344537815126,0,-0.7222222222222222,0,1.4000000000000001,0,0,0,0,0,0,0,0,1,0,0,1,0
-0.8461538461538461,1,1.0,0.2689075630252101,0,0.8611111111111112,0,0.6666666666666666,0,0,0,0,0,1,0,0,0,0,0,1,0
-1.0769230769230769,1,-1.0,-0.6274509803921569,0,-0.7222222222222222,1,1.0,1,0,0,0,0,1,0,0,0,0,1,0,0
1.1538461538461537,0,0.5,0.1792717086834734,0,0.3055555555555556,0,0.8666666666666667,0,0,0,0,0,0,0,0,1,0,0,1,0
0.46153846153846156,1,-0.65,0.0784313725490196,1,0.5555555555555556,1,0.6,1,0,0,0,0,1,0,0,0,0,0,1,0
0.7692307692307693,1,0.5,1.2549019607843137,0,0.5,0,-0.3333333333333333,1,0,0,0,0,0,0,1,0,0,0,1,0
0.38461538461538464,1,0.25,0.12324929971988796,0,0.5833333333333334,0,0.0,0,0,0,0,0,1,0,0,0,0,0,1,0
-0.7692307692307693,1,0.0,0.11204481792717087,0,1.0833333333333333,1,-0.06666666666666665,0,0,0,0,0,0,0,1,0,0,0,1,0
-0.9230769230769231,1,0.5,0.03361344537815126,0,1.0555555555555556,0,-0.3333333333333333,0,0,0,0,0,1,0,0,0,0,0,1,0
-0.8461538461538461,1,-0.5,-0.5154061624649859,0,-0.5555555555555556,1,1.3333333333333333,1,0,0,0,0,1,0,0,0,0,1,0,0
0.23076923076923078,1,1.0,0.5938375350140056,0,-0.7777777777777778,1,0.06666666666666665,1,0,0,0,0,1,0,0,0,0,1,0,0
0.07692307692307693,1,0.1,1.4565826330532212,0,-0.2222222222222222,1,0.4666666666666666,1,0,0,0,0,1,0,0,0,0,0,1,0
0.5384615384615384,1,1.0,0.22408963585434175,1,-0.08333333333333333,1,0.3333333333333333,0,0,0,0,0,0,0,1,0,0,0,1,0
0.8461538461538461,0,1.0,0.022408963585434174,0,-0.7222222222222222,0,0.3333333333333333,1,0,0,0,0,1,0,0,0,0,1,0,0
-1.0769230769230769,1,0.5,-0.2689075630252101,0,1.0555555555555556,1,0.6,0,0,0,0,0,0,0,0,1,0,0,1,0
1.3076923076923077,0,1.5,0.8851540616246498,0,0.6111111111111112,0,-0.06666666666666665,0,0,0,0,0,0,1,0,0,0,0,1,0
0.38461538461538464,1,1.0,-0.12324929971988796,1,0.4722222222222222,0,0.7333333333333334,0,0,0,0,0,0,0,1,0,0,0,1,0
0.5384615384615384,0,0.0,1.1988795518207283,0,0.8055555555555556,0,-0.3333333333333333,1,0,0,0,0,1,0,0,0,0,1,0,0
0.3076923076923077,1,-0.9,0.0784313725490196,0,0.6944444444444444,0,1.3333333333333333,1,0,0,0,0,0,0,1,0,0,1,0,0
-0.23076923076923078,1,-1.0,-0.5378151260504201,0,-0.4722222222222222,0,0.06666666666666665,0,0,0,0,0,0,0,1,0,0,0,1,0
-0.3076923076923077,1,1.0,0.22408963585434175,0,-0.3333333333333333,0,1.4000000000000001,1,0,0,0,0,1,0,0,0,0,1,0,0
0.8461538461538461,0,0.5,2.1736694677871147,1,0.4722222222222222,0,0.20000000000000004,0,0,0,0,0,0,0,1,0,0,1,0,0
-0.07692307692307693,1,0.0,-0.2913165266106443,1,0.3333333333333333,0,0.4666666666666666,0,0,0,0,0,0,0,1,0,0,1,0,0
-1.0,0,-1.25,-0.2801120448179272,0,0.7777777777777778,0,-0.3333333333333333,0,0,0,0,0,0,1,0,0,0,0,1,0
0.8461538461538461,1,-0.5,-0.5154061624649859,0,0.0,0,-0.06666666666666665,0,0,0,0,0,1,0,0,0,0,0,1,0
-0.7692307692307693,1,-0.9,0.7507002801120448,0,0.3611111111111111,0,-0.3333333333333333,1,0,0,0,0,1,0,0,0,0,1,0,0
-0.7692307692307693,1,0.0,-0.04481792717086835,0,1.3333333333333333,0,-0.3333333333333333,0,0,0,0,0,0,1,0,0,0,1,0,0
0.46153846153846156,1,0.0,0.33613445378151263,0,0.1111111111111111,1,0.6,1,0,0,0,0,1,0,0,0,0,0,1,0
0.0,1,-0.3,0.48179271708683474,0,-0.8611111111111112,1,1.1333333333333335,1,0,0,0,0,1,0,0,0,0,1,0,0
-0.3076923076923077,1,0.5,0.11204481792717087,0,0.6388888888888888,0,0.06666666666666665,1,0,0,0,0,0,0,1,0,0,0,1,0
-1.0,1,-1.0,-0.5714285714285714,0,0.5,0,-0.3333333333333333,1,0,0,0,0,1,0,0,0,0,1,0,0
0.0,1,-0.25,0.5602240896358543,0,0.3333333333333333,0,0.0,0,0,0,0,0,0,0,1,0,0,1,0,0
-0.23076923076923078,1,-0.25,-0.11204481792717087,0,-0.4166666666666667,1,0.6,0,0,0,0,0,0,0,0,1,0,1,0,0
-0.23076923076923078,0,0.0,0.9187675070028011,0,0.05555555555555555,1,0.4666666666666666,1,0,0,0,0,1,0,0,0,0,0,1,0
-0.6153846153846154,0,0.6,-0.5154061624649859,0,0.5555555555555556,1,0.6,0,0,0,0,0,0,0,1,0,0,1,0,0
0.3076923076923077,1,-0.1,-0.0784313725490196,0,-0.25,1,1.1333333333333335,1,0,0,0,0,1,0,0,0,0,1,0,0
0.0,0,0.25,0.907563025210084,1,0.8333333333333334,0,-0.3333333333333333,0,0,0,0,0,0,0,1,0,0,0,1,0
0.0,1,-0.5,-0.39215686274509803,0,-0.75,0,0.6,1,0,0,0,0,1,0,0,0,0,0,1,0
0.46153846153846156,1,0.75,0.6610644257703081,0,0.05555555555555555,1,1.5333333333333332,1,0,0,0,0,1,0,0,0,0,1,0,0
0.46153846153846156,1,0.5,-0.4257703081232493,0,0.4166666666666667,0,1.6666666666666667,1,0,0,0,0,0,0,1,0,0,1,0,0
0.0,1,1.0,0.10084033613445378,0,0.6944444444444444,0,0.7333333333333334,0,0,0,0,0,0,0,1,0,0,1,0,0
0.38461538461538464,1,2.0,1.1540616246498598,0,0.0,1,1.9333333333333333,1,0,0,0,0,1,0,0,0,0,1,0,0
-0.6153846153846154,1,1.0,0.0896358543417367,0,0.19444444444444445,0,2.066666666666667,1,0,0,0,0,0,0,1,0,0,0,1,0
0.8461538461538461,0,1.25,0.5154061624649859,0,0.2222222222222222,0,0.20000000000000004,0,0,0,0,0,0,0,1,0,0,0,1,0
1.0,1,-0.25,0.3473389355742297,1,0.6388888888888888,0,-0.19999999999999998,1,0,0,0,0,1,0,0,0,0,0,1,0
0.6153846153846154,1,-0.5,0.49299719887955185,0,-1.1388888888888888,1,0.8666666666666667,1,0,0,0,0,1,0,0,0,0,0,1,0
0.8461538461538461,1,-1.0,0.2801120448179272,0,0.5,0,0.06666666666666665,1,0,0,0,0,1,0,0,0,0,1,0,0
-0.7692307692307693,1,-1.0,-0.2913165266106443,0,1.0277777777777777,0,-0.3333333333333333,1,0,0,0,0,1,0,0,0,0,1,0,0
0.8461538461538461,0,1.5,1.535014005602241,0,0.3055555555555556,0,0.20000000000000004,0,0,0,0,0,0,0,1,0,0,1,0,0
0.46153846153846156,1,-0.25,0.39215686274509803,0,0.027777777777777776,1,1.5333333333333332,1,0,0,0,0,1,0,0,0,0,1,0,0
-0.23076923076923078,0,0.5,0.9523809523809523,0,0.05555555555555555,0,0.6666666666666666,0,0,0,0,0,0,0,1,0,0,1,0,0
-0.46153846153846156,1,0.0,0.24649859943977592,0,1.1111111111111112,0,-0.19999999999999998,0,0,0,0,0,0,1,0,0,0,1,0,0
0.3076923076923077,1,1.0,0.5266106442577031,0,-0.8055555555555556,1,0.20000000000000004,1,0,0,0,0,1,0,0,0,0,1,0,0
-0.6923076923076923,1,-1.3,-0.16806722689075632,0,0.2222222222222222,1,1.6666666666666667,0,0,0,0,0,1,0,0,0,0,1,0,0
-0.07692307692307693,0,0.0,0.45938375350140054,0,0.08333333333333333,0,-0.06666666666666665,0,0,0,0,0,1,0,0,0,0,1,0,0
-1.1538461538461537,1,0.5,1.0980392156862746,0,1.1666666666666667,0,-0.3333333333333333,0,0,0,0,0,0,0,1,0,0,1,0,0
1.0769230769230769,1,2.5,0.5714285714285714,1,0.2777777777777778,1,0.7333333333333334,1,0,0,0,0,0,0,1,0,0,1,0,0
-0.15384615384615385,1,-0.5,1.1428571428571428,0,0.8888888888888888,0,-0.19999999999999998,0,0,0,0,0,0,1,0,0,0,0,1,0
-0.7692307692307693,1,0.5,0.13445378151260504,0,1.1111111111111112,0,-0.3333333333333333,0,0,0,0,0,0,0,1,0,0,1,0,0
-0.5384615384615384,1,0.4,0.38095238095238093,0,0.4444444444444444,0,-0.3333333333333333,0,0,0,0,0,0,0,1,0,0,1,0,0
-0.07692307692307693,0,-0.1,-0.0784313725490196,0,-0.6944444444444444,0,-0.3333333333333333,0,0,0,0,0,0,0,1,0,0,1,0,0
-0.07692307692307693,0,0.4,0.12324929971988796,0,0.5555555555555556,0,-0.3333333333333333,0,0,0,0,0,1,0,0,0,0,1,0,0
-0.23076923076923078,0,0.0,0.3697478991596639,0,0.25,0,0.0,0,0,0,0,0,0,0,1,0,0,1,0,0
0.9230769230769231,1,-0.5,0.8851540616246498,0,0.3055555555555556,0,-0.06666666666666665,0,0,0,0,0,1,0,0,0,0,1,0,0
0.6153846153846154,0,1.5,-0.6610644257703081,0,0.1388888888888889,0,3.8000000000000003,1,0,0,0,0,1,0,0,0,0,1,0,0
0.6153846153846154,1,0.0,0.0896358543417367,0,0.16666666666666666,0,0.8666666666666667,0,0,0,0,0,0,0,1,0,0,0,1,0
-0.7692307692307693,0,-1.1,-0.9187675070028011,0,0.9722222222222222,0,0.06666666666666665,0,0,0,0,0,0,0,1,0,0,0,1,0
0.6923076923076923,0,0.25,0.32492997198879553,0,0.8888888888888888,0,-0.3333333333333333,0,0,0,0,0,0,0,1,0,0,1,0,0
-0.15384615384615385,1,-0.1,0.3585434173669468,0,0.5833333333333334,1,-0.3333333333333333,1,0,0,0,0,1,0,0,0,0,0,1,0
0.38461538461538464,1,-1.0,0.1792717086834734,0,0.05555555555555555,1,0.4666666666666666,1,0,0,0,0,1,0,0,0,0,1,0,0
0.46153846153846156,0,1.0,0.39215686274509803,0,0.4722222222222222,0,1.4000000000000001,1,0,0,0,0,1,0,0,0,0,1,0,0
-0.15384615384615385,1,0.2,-0.24649859943977592,0,0.5,0,0.20000000000000004,0,0,0,0,0,0,1,0,0,0,0,1,0
-0.46153846153846156,1,-0.4,-0.011204481792717087,0,1.2777777777777777,0,-0.3333333333333333,0,0,0,0,0,1,0,0,0,0,1,0,0
-0.6923076923076923,1,-0.75,0.41456582633053224,0,1.25,0,-0.3333333333333333,0,0,0,0,0,1,0,0,0,0,1,0,0
-1.5384615384615385,1,-0.6,-0.45938375350140054,0,0.9444444444444444,0,-0.3333333333333333,0,0,0,0,0,0,0,0,1,0,1,0,0
0.23076923076923078,0,-0.1,0.896358543417367,0,0.5277777777777778,0,-0.3333333333333333,0,0,0,0,0,1,0,0,0,0,1,0,0
1.3076923076923077,0,-1.0,0.47058823529411764,1,-0.2777777777777778,0,-0.3333333333333333,0,0,0,0,0,0,0,1,0,0,1,0,0
-0.38461538461538464,1,-0.5,-0.39215686274509803,0,-0.027777777777777776,0,1.0,1,0,0,0,0,0,0,1,0,0,0,1,0
0.0,1,-1.1,0.9635854341736695,0,0.4444444444444444,0,-0.3333333333333333,0,0,0,0,0,0,1,0,0,0,0,1,0
0.38461538461538464,1,0.5,-0.5154061624649859,0,0.6111111111111112,1,-0.3333333333333333,1,0,0,0,0,1,0,0,0,0,0,1,0
0.23076923076923078,1,-0.1,0.06722689075630252,0,0.2777777777777778,0,-0.06666666666666665,1,0,0,0,0,0,0,1,0,0,1,0,0
0.5384615384615384,1,-0.5,0.41456582633053224,0,0.0,1,2.066666666666667,1,0,0,0,0,1,0,0,0,0,0,1,0
-1.1538461538461537,1,-0.6,-0.04481792717086835,0,0.0,0,0.4666666666666666,1,0,0,0,0,1,0,0,0,0,0,1,0
0.5384615384615384,0,0.75,0.9411764705882353,0,0.16666666666666666,1,0.3333333333333333,1,0,0,0,0,1,0,0,0,0,1,0,0
0.15384615384615385,1,-0.25,0.2913165266106443,1,0.1111111111111111,1,0.4666666666666666,1,0,0,0,0,1,0,0,0,0,1,0,0
-0.15384615384615385,1,-0.6,-0.41456582633053224,0,1.3888888888888888,0,-0.3333333333333333,0,0,0,0,0,0,0,0,1,0,1,0,0
-0.8461538461538461,0,0.1,1.3221288515406162,1,-0.1111111111111111,1,1.6666666666666667,1,0,0,0,0,1,0,0,0,0,1,0,0
0.6153846153846154,0,0.0,0.4481792717086835,0,-1.1944444444444444,0,0.4666666666666666,1,0,0,0,0,0,0,1,0,0,0,1,0
-1.0,1,0.25,-0.22408963585434175,0,-0.2222222222222222,0,-0.3333333333333333,0,0,0,0,0,0,1,0,0,0,0,1,0
0.3076923076923077,1,0.5,-0.13445378151260504,1,0.6944444444444444,0,-0.3333333333333333,0,0,0,0,0,0,0,1,0,0,1,0,0
-1.4615384615384615,0,0.4,-0.4481792717086835,0,1.1666666666666667,0,0.6,0,0,0,0,0,1,0,0,0,0,0,1,0
0.6923076923076923,1,0.0,1.1988795518207283,1,-0.2222222222222222,1,0.8666666666666667,1,0,0,0,0,1,0,0,0,0,1,0,0
0.8461538461538461,1,0.25,0.3473389355742297,0,-0.3611111111111111,0,1.5333333333333332,1,0,0,0,0,1,0,0,0,0,1,0,0
-0.46153846153846156,1,0.0,0.3697478991596639,1,0.2777777777777778,1,-0.3333333333333333,1,0,0,0,0,1,0,0,0,0,1,0,0
0.6923076923076923,0,1.0,2.0616246498599438,0,0.3888888888888889,0,2.3333333333333335,1,0,0,0,0,1,0,0,0,0,1,0,0
-0.23076923076923078,1,-1.5,-0.011204481792717087,0,0.08333333333333333,1,0.4666666666666666,0,0,0,0,0,0,0,1,0,0,0,1,0
0.07692307692307693,1,0.5,-0.06722689075630252,0,-0.8055555555555556,1,3.4,1,0,0,0,0,1,0,0,0,0,0,1,0
0.8461538461538461,1,0.4,0.6610644257703081,1,0.9444444444444444,0,0.6,1,0,0,0,0,0,0,0,1,0,1,0,0
-0.6923076923076923,0,0.0,0.12324929971988796,0,0.9722222222222222,0,0.06666666666666665,0,0,0,0,0,0,1,0,0,0,1,0,0
0.15384615384615385,0,3.5,0.7282913165266106,1,-0.19444444444444445,1,2.3333333333333335,1,0,0,0,0,1,0,0,0,0,1,0,0
0.0,1,-1.0,0.1792717086834734,0,-0.3888888888888889,1,1.5333333333333332,1,0,0,0,0,1,0,0,0,0,0,1,0
-0.7692307692307693,1,-0.5,-0.03361344537815126,0,0.8333333333333334,0,-0.3333333333333333,0,0,0,0,0,0,1,0,0,0,0,1,0
0.6153846153846154,0,-0.3,-0.1568627450980392,0,0.6388888888888888,0,-0.3333333333333333,0,0,0,0,0,1,0,0,0,0,0,1,0
0.0,1,-0.5,0.39215686274509803,0,0.19444444444444445,0,-0.06666666666666665,0,0,0,0,0,0,0,1,0,0,1,0,0
-0.23076923076923078,1,-1.8,0.04481792717086835,0,0.3888888888888889,1,-0.3333333333333333,0,0,0,0,0,0,0,1,0,0,0,1,0
-1.9230769230769231,1,0.0,-0.21288515406162464,0,1.7222222222222223,0,-0.3333333333333333,0,0,0,0,0,0,1,0,0,0,1,0,0
-0.23076923076923078,1,0.5,0.4257703081232493,0,1.2777777777777777,1,-0.3333333333333333,0,0,0,0,0,1,0,0,0,0,1,0,0
-0.8461538461538461,0,-0.4,-0.11204481792717087,0,0.6944444444444444,0,-0.19999999999999998,0,0,0,0,0,0,0,1,0,0,0,1,0
0.07692307692307693,0,0.25,0.3025210084033613,0,0.5833333333333334,0,0.6,0,0,0,0,0,0,1,0,0,0,1,0,0
1.2307692307692308,1,0.75,-0.5490196078431373,0,-0.4166666666666667,1,1.4000000000000001,1,0,0,0,0,1,0,0,0,0,0,1,0
0.6153846153846154,1,-0.5,0.6498599439775911,0,-1.0277777777777777,0,0.6,1,0,0,0,0,0,1,0,0,0,1,0,0
-1.4615384615384615,1,-0.5,-0.2801120448179272,0,-0.2777777777777778,1,0.7333333333333334,1,0,0,0,0,1,0,0,0,0,0,1,0
-0.23076923076923078,1,-0.25,0.24649859943977592,1,0.7222222222222222,0,1.2666666666666666,0,0,0,0,0,0,0,1,0,0,1,0,0
0.38461538461538464,1,0.5,-0.022408963585434174,0,0.6666666666666666,1,-0.3333333333333333,0,0,0,0,0,0,1,0,0,0,0,1,0
0.38461538461538464,1,2.0,0.7282913165266106,0,0.5277777777777778,0,-0.19999999999999998,1,0,0,0,0,0,0,0,1,0,1,0,0
-0.15384615384615385,1,-0.1,-0.20168067226890757,1,1.2222222222222223,0,-0.3333333333333333,0,0,0,0,0,0,1,0,0,0,0,1,0
0.7692307692307693,1,-0.25,0.9635854341736695,0,-0.25,1,0.8666666666666667,1,0,0,0,0,0,0,1,0,0,0,1,0
0.3076923076923077,1,-1.25,0.19047619047619047,0,0.3888888888888889,1,0.06666666666666665,0,0,0,0,0,0,0,1,0,0,1,0,0
-0.5384615384615384,1,-1.1,0.22408963585434175,0,0.3333333333333333,0,-0.3333333333333333,1,0,0,0,0,0,0,1,0,0,0,1,0
0.23076923076923078,1,1.75,0.7394957983193278,1,-0.4444444444444444,0,0.3333333333333333,1,0,0,0,0,1,0,0,0,0,1,0,0
-1.0,1,-0.9,0.3025210084033613,0,1.0833333333333333,0,-0.3333333333333333,0,0,0,0,0,0,0,1,0,0,0,1,0
-0.6923076923076923,1,-0.1,0.9523809523809523,0,0.8333333333333334,0,-0.3333333333333333,0,0,0,0,0,0,1,0,0,0,1,0,0
0.46153846153846156,0,-1.4,1.0644257703081232,0,0.5555555555555556,0,-0.3333333333333333,0,0,0,0,0,0,0,1,0,0,0,1,0
-0.15384615384615385,1,1.1,0.8403361344537815,1,1.0555555555555556,0,0.4666666666666666,0,0,0,0,0,0,0,0,1,0,0,1,0
-0.9230769230769231,0,-1.4,0.47058823529411764,0,-0.5,0,0.06666666666666665,0,0,0,0,0,1,0,0,0,0,1,0,0
1.0,0,-0.75,3.820728291316527,0,0.5555555555555556,0,0.7333333333333334,0,0,0,0,0,0,0,1,0,0,1,0,0
0.07692307692307693,1,1.5,0.7394957983193278,0,0.1388888888888889,1,0.20000000000000004,1,0,0,0,0,1,0,0,0,0,1,0,0
0.7692307692307693,1,-0.5,0.25770308123249297,0,-1.2222222222222223,1,1.1333333333333335,1,0,0,0,0,1,0,0,0,0,1,0,0
1.2307692307692308,1,0.0,1.1092436974789917,0,-0.8611111111111112,0,1.2666666666666666,1,0,0,0,0,1,0,0,0,0,1,0,0
-0.23076923076923078,1,0.5,0.8515406162464986,0,0.9166666666666666,1,0.7333333333333334,1,0,0,0,0,1,0,0,0,0,0,1,0
0.3076923076923077,1,-0.25,0.8627450980392157,0,0.8611111111111112,0,-0.3333333333333333,1,0,0,0,0,1,0,0,0,0,1,0,0
0.46153846153846156,1,0.5,0.7843137254901961,0,0.8333333333333334,0,0.4666666666666666,1,0,0,0,0,1,0,0,0,0,1,0,0
1.0769230769230769,1,-0.6,0.6050420168067226,0,0.3055555555555556,0,0.3333333333333333,0,0,0,0,0,0,0,1,0,0,0,1,0
-0.6153846153846154,1,-1.45,-0.2913165266106443,1,0.4444444444444444,0,-0.3333333333333333,0,0,0,0,0,0,1,0,0,0,0,1,0
1.7692307692307692,1,-0.25,0.907563025210084,0,0.6111111111111112,1,-0.3333333333333333,1,0,0,0,0,1,0,0,0,0,1,0,0
0.0,0,-1.0,-0.10084033613445378,0,0.5,0,0.7333333333333334,0,0,0,0,0,0,0,1,0,0,0,1,0
0.3076923076923077,0,-1.5,0.2801120448179272,0,-0.5,0,0.3333333333333333,0,0,0,0,0,1,0,0,0,0,1,0,0
-0.46153846153846156,1,-0.3,0.3585434173669468,1,0.9722222222222222,0,-0.3333333333333333,0,0,0,0,0,0,0,1,0,0,0,1,0
0.23076923076923078,1,0.1,-0.1792717086834734,0,0.7777777777777778,1,-0.3333333333333333,0,0,0,0,0,1,0,0,0,0,0,1,0
-0.15384615384615385,1,0.4,0.0,0,0.8055555555555556,0,-0.3333333333333333,0,0,0,0,0,0,0,1,0,0,0,1,0
0.0,0,0.1,0.7282913165266106,1,0.5277777777777778,1,-0.3333333333333333,0,0,0,0,0,0,1,0,0,0,1,0,0
-1.4615384615384615,1,-0.2,0.6610644257703081,0,0.4444444444444444,1,-0.3333333333333333,1,0,0,0,0,1,0,0,0,0,1,0,0
-0.6923076923076923,0,-0.9,-0.7058823529411765,0,-0.05555555555555555,0,-0.3333333333333333,0,0,0,0,0,0,1,0,0,0,0,1,0
1.2307692307692308,1,1.5,0.5154061624649859,0,-0.7777777777777778,1,1.5999999999999999,1,0,0,0,0,0,0,1,0,0,0,1,0
-0.07692307692307693,1,0.6,0.03361344537815126,0,-0.8055555555555556,1,-0.3333333333333333,0,0,0,0,0,1,0,0,0,0,1,0,0
0.38461538461538464,0,2.2,0.2913165266106443,0,0.08333333333333333,1,-0.3333333333333333,1,0,0,0,0,1,0,0,0,0,0,1,0
0.6153846153846154,0,0.5,1.915966386554622,0,0.4722222222222222,0,0.4666666666666666,0,0,0,0,0,1,0,0,0,0,1,0,0
0.7692307692307693,1,0.75,-0.12324929971988796,0,-0.2222222222222222,0,1.0,1,0,0,0,0,1,0,0,0,0,1,0,0
0.23076923076923078,1,1.1,0.5714285714285714,0,-1.4444444444444444,1,0.4666666666666666,1,0,0,0,0,1,0,0,0,0,0,1,0
-0.15384615384615385,1,-1.1,0.11204481792717087,1,0.19444444444444445,0,-0.26666666666666666,0,0,0,0,0,1,0,0,0,0,0,1,0
0.15384615384615385,1,0.1,-0.4369747899159664,0,-0.9722222222222222,1,1.0666666666666667,1,0,0,0,0,1,0,0,0,0,1,0,0
-0.8461538461538461,1,0.0,1.0308123249299719,0,0.6111111111111112,0,0.9333333333333332,0,0,0,0,0,0,0,1,0,0,0,1,0
-0.07692307692307693,1,0.0,0.25770308123249297,1,0.9166666666666666,0,-0.3333333333333333,0,0,0,0,0,0,0,1,0,0,1,0,0
-0.46153846153846156,1,-0.3,0.5714285714285714,0,0.7222222222222222,0,0.0,1,0,0,0,0,1,0,0,0,0,1,0,0
0.15384615384615385,0,0.2,2.0840336134453783,0,0.2777777777777778,1,0.9333333333333332,1,0,0,0,0,1,0,0,0,0,1,0,0
-0.9230769230769231,1,0.9,0.23529411764705882,0,1.0555555555555556,0,0.20000000000000004,0,0,0,0,0,0,0,0,1,0,1,0,0
0.38461538461538464,1,2.4,0.5266106442577031,0,0.1388888888888889,0,2.466666666666667,0,0,0,0,0,0,0,0,1,0,1,0,0
0.46153846153846156,0,1.4,0.9187675070028011,0,0.5833333333333334,0,-0.3333333333333333,1,0,0,0,0,1,0,0,0,0,1,0,0
0.6923076923076923,0,0.5,-0.3137254901960784,0,1.0833333333333333,0,-0.3333333333333333,0,0,0,0,0,0,1,0,0,0,0,1,0
-0.9230769230769231,1,-0.5,0.19047619047619047,1,1.5,0,0.20000000000000004,0,0,0,0,0,0,0,1,0,0,0,1,0
0.9230769230769231,1,1.5,0.25770308123249297,0,-0.5555555555555556,1,-0.3333333333333333,1,0,0,0,0,0,1,0,0,0,0,1,0
0.0,1,3.1,0.6722689075630253,0,1.5277777777777777,0,-0.3333333333333333,1,0,0,0,0,0,1,0,0,0,1,0,0
1.1538461538461537,1,0.5,0.3473389355742297,0,0.16666666666666666,0,1.0,1,0,0,0,0,0,0,1,0,0,1,0,0
-0.3076923076923077,1,-0.05,-0.3025210084033613,0,0.6388888888888888,0,-0.3333333333333333,0,0,0,0,0,0,0,1,0,0,0,1,0
-0.23076923076923078,1,0.5,0.8403361344537815,0,-0.5,1,2.466666666666667,1,0,0,0,0,1,0,0,0,0,0,1,0
-0.8461538461538461,1,0.1,0.2689075630252101,1,0.08333333333333333,1,-0.26666666666666666,1,0,0,0,0,1,0,0,0,0,1,0,0
0.6153846153846154,0,0.4,0.7955182072829131,1,-0.9444444444444444,0,0.9333333333333332,1,0,0,0,0,1,0,0,0,0,0,1,0
1.0769230769230769,0,-0.5,-0.13445378151260504,0,-0.6944444444444444,0,0.6666666666666666,0,0,0,0,0,0,0,1,0,0,1,0,0
1.0,1,-1.5,0.8515406162464986,0,-0.4166666666666667,1,0.26666666666666666,1,0,0,0,0,1,0,0,0,0,1,0,0
1.1538461538461537,1,1.5,0.12324929971988796,1,-0.25,0,-0.26666666666666666,0,0,0,0,0,0,0,0,1,0,1,0,0
-0.6923076923076923,0,0.4,0.14565826330532214,0,0.3333333333333333,1,-0.19999999999999998,0,0,0,0,0,1,0,0,0,0,1,0,0
-0.3076923076923077,0,-0.5,0.23529411764705882,0,0.6111111111111112,0,0.4000000000000001,0,0,0,0,0,0,1,0,0,0,0,1,0
0.38461538461538464,1,1.5,0.5602240896358543,0,-0.4166666666666667,0,-0.3333333333333333,1,0,0,0,0,0,0,0,1,0,1,0,0
-0.3076923076923077,0,-1.0,0.3473389355742297,0,0.5277777777777778,0,-0.3333333333333333,0,0,0,0,0,1,0,0,0,0,1,0,0
0.7692307692307693,0,2.5,1.1428571428571428,0,0.3888888888888889,1,-0.3333333333333333,0,0,0,0,0,1,0,0,0,0,0,1,0
0.23076923076923078,1,1.0,-1.0868347338935573,1,0.9166666666666666,0,-0.19999999999999998,0,0,0,0,0,0,0,1,0,0,0,1,0
0.7692307692307693,0,0.5,1.0084033613445378,0,-0.19444444444444445,0,-0.19999999999999998,0,0,0,0,0,0,0,1,0,0,0,1,0
-0.8461538461538461,1,-1.0,-0.13445378151260504,0,0.5833333333333334,0,-0.3333333333333333,0,0,0,0,0,1,0,0,0,0,0,1,0
-0.6923076923076923,1,0.6,0.9635854341736695,0,0.19444444444444445,1,-0.3333333333333333,1,0,0,0,0,1,0,0,0,0,1,0,0
0.3076923076923077,1,-0.1,0.40336134453781514,0,-0.2777777777777778,1,1.6666666666666667,1,0,0,0,0,1,0,0,0,0,1,0,0
-0.3076923076923077,1,0.7,-0.25770308123249297,0,-0.3888888888888889,1,0.26666666666666666,1,0,0,0,0,1,0,0,0,0,1,0,0
0.07692307692307693,1,0.0,0.4369747899159664,0,0.4166666666666667,0,-0.3333333333333333,0,0,0,0,0,0,1,0,0,0,0,1,0
0.6153846153846154,0,1.0,0.23529411764705882,0,0.3888888888888889,1,0.6,1,0,0,0,0,1,0,0,0,0,0,1,0
-1.3076923076923077,0,-0.5,-0.0896358543417367,0,0.8333333333333334,0,-0.3333333333333333,0,0,0,0,0,0,0,1,0,0,0,1,0
-1.2307692307692308,1,-0.5,0.0896358543417367,0,1.1666666666666667,1,2.1999999999999997,1,0,0,0,0,0,0,0,1,0,0,1,0
-1.0,1,0.0,-0.10084033613445378,0,0.7777777777777778,0,1.0,0,0,0,0,0,0,0,1,0,0,1,0,0
0.9230769230769231,0,2.4,0.056022408963585436,1,0.6944444444444444,1,0.3333333333333333,1,0,0,0,0,1,0,0,0,0,0,1,0
-0.15384615384615385,1,-0.9,0.0784313725490196,0,0.5555555555555556,0,-0.3333333333333333,1,0,0,0,0,1,0,0,0,0,0,1,0
0.15384615384615385,1,-0.5,-0.33613445378151263,0,0.6111111111111112,0,0.9333333333333332,0,0,0,0,0,0,0,0,1,0,1,0,0
-0.6153846153846154,0,-1.25,-0.21288515406162464,0,0.8888888888888888,0,-0.3333333333333333,0,0,0,0,0,0,1,0,0,0,0,1,0
-0.6153846153846154,0,0.4,0.22408963585434175,0,0.3333333333333333,1,-0.3333333333333333,0,0,0,0,0,1,0,0,0,0,1,0,0
0.7692307692307693,0,0.0,0.896358543417367,0,-0.5,0,1.0,0,0,0,0,0,1,0,0,0,0,0,1,0
0.38461538461538464,1,0.4,0.5378151260504201,0,1.1666666666666667,0,-0.3333333333333333,0,0,0,0,0,1,0,0,0,0,1,0,0
-1.0,0,-0.9,0.5042016806722689,0,0.8888888888888888,1,-0.3333333333333333,0,0,0,0,0,0,0,1,0,0,1,0,0
0.0,0,-1.1,0.49299719887955185,0,0.75,0,-0.3333333333333333,0,0,0,0,0,0,0,1,0,0,1,0,0
-1.1538461538461537,0,-1.8,-0.2689075630252101,0,1.0833333333333333,0,-0.3333333333333333,0,0,0,0,0,0,0,1,0,0,0,1,0
-0.07692307692307693,1,-0.35,0.6610644257703081,0,-1.25,1,1.0,1,0,0,0,0,1,0,0,0,0,0,1,0
0.6923076923076923,0,-1.1,0.5154061624649859,0,0.8055555555555556,1,0.8666666666666667,1,0,0,0,0,1,0,0,0,0,0,1,0
-1.5384615384615385,0,-0.6,-0.14565826330532214,0,1.4444444444444444,0,0.1333333333333333,0,0,0,0,0,0,1,0,0,0,0,1,0
-0.5384615384615384,1,-0.9,-0.21288515406162464,0,0.08333333333333333,0,-0.26666666666666666,0,0,0,0,0,1,0,0,0,0,0,1,0
1.0,0,1.1,0.6050420168067226,0,0.8888888888888888,0,-0.3333333333333333,0,0,0,0,0,0,0,1,0,0,0,1,0
0.0,1,-1.0,-0.19047619047619047,0,-0.8888888888888888,1,-0.3333333333333333,1,0,0,0,0,1,0,0,0,0,1,0,0
0.9230769230769231,1,-0.9,-0.12324929971988796,0,-0.2222222222222222,1,-0.26666666666666666,1,0,0,0,0,1,0,0,0,0,1,0,0
-0.15384615384615385,0,0.3,-0.3025210084033613,0,0.8055555555555556,0,-0.26666666666666666,0,0,0,0,0,0,0,1,0,0,1,0,0
0.07692307692307693,0,2.5,1.165266106442577,0,-0.6388888888888888,1,1.9333333333333333,1,0,0,0,0,1,0,0,0,0,0,0,1
-0.38461538461538464,1,-0.6,-0.8291316526610645,0,-0.3888888888888889,0,0.20000000000000004,1,0,0,0,0,0,0,1,0,0,1,0,0
1.5384615384615385,0,-0.5,0.5154061624649859,0,-0.5277777777777778,1,-0.19999999999999998,0,0,0,0,0,0,1,0,0,0,1,0,0
0.0,0,1.5,-0.24649859943977592,0,0.6388888888888888,0,-0.3333333333333333,0,0,0,0,0,0,0,1,0,0,0,1,0
0.0,1,-0.4,0.7058823529411765,0,-0.6666666666666666,1,1.8,1,0,0,0,0,1,0,0,0,0,1,0,0
0.15384615384615385,1,0.0,0.6722689075630253,1,-1.0277777777777777,1,0.7333333333333334,1,0,0,0,0,1,0,0,0,0,1,0,0
-0.6153846153846154,1,-0.5,0.2913165266106443,0,0.1111111111111111,0,0.20000000000000004,1,0,0,0,0,1,0,0,0,0,1,0,0
-0.38461538461538464,0,0.2,0.5378151260504201,0,0.6111111111111112,0,-0.3333333333333333,0,0,0,0,0,0,1,0,0,0,0,1,0
-0.9230769230769231,1,-0.5,0.8067226890756303,0,0.6111111111111112,0,-0.3333333333333333,0,0,0,0,0,0,1,0,0,0,0,1,0
-1.0,1,-1.0,0.13445378151260504,0,0.3611111111111111,0,-0.3333333333333333,0,0,0,0,0,0,1,0,0,0,0,1,0
-1.0,0,-0.2,0.9299719887955182,0,0.6388888888888888,0,-0.3333333333333333,0,0,0,0,0,0,1,0,0,0,0,1,0
-0.38461538461538464,0,0.0,0.5154061624649859,0,0.6388888888888888,0,-0.3333333333333333,0,0,0,0,0,1,0,0,0,0,0,1,0
0.5384615384615384,1,0.2,0.12324929971988796,0,0.1388888888888889,0,1.4000000000000001,1,0,0,0,0,0,0,0,1,0,0,1,0
0.46153846153846156,0,-0.5,-0.5042016806722689,1,-1.2222222222222223,0,-0.3333333333333333,0,0,0,0,0,0,0,1,0,0,0,1,0
1.0,1,-0.5,0.1568627450980392,0,-1.9166666666666667,0,0.3333333333333333,1,0,0,0,0,1,0,0,0,0,0,1,0
0.3076923076923077,1,-1.5,0.12324929971988796,0,0.4444444444444444,0,-0.26666666666666666,1,0,0,0,0,1,0,0,0,0,0,1,0
-0.5384615384615384,1,-1.0,0.5826330532212886,0,-0.6111111111111112,1,0.3333333333333333,1,0,0,0,0,1,0,0,0,0,1,0,0
-0.15384615384615385,1,-0.25,-0.12324929971988796,0,0.7777777777777778,0,0.3333333333333333,1,0,0,0,0,1,0,0,0,0,0,1,0
0.6153846153846154,1,-0.1,-0.16806722689075632,1,0.0,0,-0.3333333333333333,0,0,0,0,0,0,1,0,0,0,1,0,0
0.23076923076923078,1,-1.0,-0.24649859943977592,0,-0.3888888888888889,1,0.6666666666666666,0,0,0,0,0,1,0,0,0,0,0,1,0
0.3076923076923077,1,0.8,-0.056022408963585436,0,-0.9722222222222222,0,1.0,1,0,0,0,0,1,0,0,0,0,0,1,0
0.7692307692307693,1,-0.1,0.4481792717086835,0,-0.9722222222222222,1,-0.19999999999999998,0,0,0,0,0,1,0,0,0,0,0,1,0
-0.23076923076923078,0,-0.5,0.8067226890756303,0,0.4722222222222222,0,0.06666666666666665,0,0,0,0,0,0,0,1,0,0,1,0,0
-0.8461538461538461,1,-0.75,0.896358543417367,0,1.1388888888888888,0,0.4666666666666666,0,0,0,0,0,1,0,0,0,0,0,1,0
-0.9230769230769231,0,-0.5,-0.1568627450980392,0,0.9166666666666666,0,-0.3333333333333333,0,0,0,0,0,0,0,1,0,0,0,1,0
1.0,0,-1.2,0.0,0,0.05555555555555555,0,-0.13333333333333333,0,0,0,0,0,1,0,0,0,0,0,1,0
1.6923076923076923,0,0.5,-0.2913165266106443,0,-0.6666666666666666,0,0.4000000000000001,0,0,0,0,0,0,0,1,0,0,0,0,1
1.2307692307692308,1,1.3,0.24649859943977592,0,0.08333333333333333,0,-0.3333333333333333,0,0,0,0,0,0,1,0,0,0,1,0,0
0.23076923076923078,1,-0.3,0.4257703081232493,0,0.027777777777777776,0,-0.13333333333333333,1,0,0,0,0,0,1,0,0,0,0,1,0
-0.7692307692307693,0,-0.6,0.21288515406162464,0,0.25,0,-0.13333333333333333,0,0,0,0,0,0,0,1,0,0,0,1,0
0.3076923076923077,0,0.3,1.0756302521008403,1,0.3333333333333333,0,-0.3333333333333333,1,0,0,0,0,0,1,0,0,0,1,0,0
0.46153846153846156,0,1.0,0.19047619047619047,0,0.8611111111111112,0,0.26666666666666666,0,0,0,0,0,0,0,0,1,0,0,1,0
-0.7692307692307693,1,-0.5,0.03361344537815126,0,0.8055555555555556,0,-0.3333333333333333,0,0,0,0,0,0,0,1,0,0,0,1,0
0.5384615384615384,1,0.4,-0.6386554621848739,0,-0.4166666666666667,1,2.066666666666667,1,0,0,0,0,1,0,0,0,0,1,0,0
-0.9230769230769231,1,0.3,1.0308123249299719,0,-0.4166666666666667,1,0.8666666666666667,1,0,0,0,0,1,0,0,0,0,0,1,0
-0.15384615384615385,1,-0.1,-0.21288515406162464,1,0.4444444444444444,1,0.3333333333333333,1,0,0,0,0,1,0,0,0,0,0,1,0
0.38461538461538464,1,-0.2,-0.056022408963585436,1,-0.16666666666666666,0,1.1333333333333335,1,0,0,0,0,0,0,1,0,0,0,1,0
-1.0769230769230769,1,1.1,0.0,0,1.1388888888888888,0,-0.3333333333333333,1,0,0,0,0,1,0,0,0,0,0,1,0
-0.9230769230769231,1,0.0,-0.48179271708683474,0,0.2777777777777778,0,-0.3333333333333333,0,0,0,0,0,0,0,1,0,0,0,1,0
0.5384615384615384,1,0.5,-0.1792717086834734,0,-0.05555555555555555,1,0.9333333333333332,1,0,0,0,0,1,0,0,0,0,1,0,0
0.9230769230769231,1,1.5,0.056022408963585436,0,-0.05555555555555555,0,1.2,0,0,0,0,0,1,0,0,0,0,1,0,0
-0.6153846153846154,1,0.5,0.9859943977591037,0,-0.5555555555555556,1,0.8666666666666667,1,0,0,0,0,1,0,0,0,0,0,1,0
1.3076923076923077,0,-0.9,-0.8291316526610645,0,-0.4166666666666667,0,0.7333333333333334,0,0,0,0,0,1,0,0,0,0,0,1,0
0.38461538461538464,1,0.2,-0.21288515406162464,0,0.6111111111111112,0,0.20000000000000004,1,0,0,0,0,0,0,0,1,0,0,1,0
0.7692307692307693,1,2.0,0.04481792717086835,0,0.4166666666666667,0,0.06666666666666665,0,0,0,0,0,0,0,0,1,0,1,0,0
0.9230769230769231,0,0.8,0.6162464985994398,0,0.3333333333333333,0,-0.3333333333333333,0,0,0,0,0,0,0,1,0,0,1,0,0
-1.1538461538461537,0,0.4,-0.03361344537815126,0,0.3333333333333333,0,-0.3333333333333333,0,0,0,0,0,0,0,1,0,0,0,1,0
0.23076923076923078,1,1.2,0.10084033613445378,0,0.6666666666666666,0,-0.3333333333333333,1,0,0,0,0,0,1,0,0,0,1,0,0
0.3076923076923077,0,0.0,-0.2913165266106443,0,-0.25,0,0.06666666666666665,0,0,0,0,0,1,0,0,0,0,0,1,0
0.23076923076923078,1,-1.0,1.2549019607843137,0,0.08333333333333333,1,1.6666666666666667,1,0,0,0,0,1,0,0,0,0,0,1,0
-0.5384615384615384,1,0.0,0.33613445378151263,0,1.0833333333333333,0,-0.3333333333333333,0,0,0,0,0,0,0,1,0,0,0,1,0
0.07692307692307693,0,-0.1,-0.20168067226890757,0,-0.2777777777777778,1,1.0,1,0,0,0,0,1,0,0,0,0,0,0,1
-1.4615384615384615,1,-0.4,-0.3473389355742297,0,0.9444444444444444,0,-0.3333333333333333,0,0,0,0,0,0,1,0,0,0,0,1,0
0.5384615384615384,1,0.9,-0.22408963585434175,0,0.5833333333333334,0,-0.3333333333333333,1,0,0,0,0,1,0,0,0,0,0,1,0
0.3076923076923077,1,-0.8,1.0644257703081232,0,0.0,0,2.6,1,0,0,0,0,1,0,0,0,0,0,0,1
0.3076923076923077,0,2.0,0.022408963585434174,1,0.16666666666666666,1,1.5333333333333332,1,0,0,0,0,1,0,0,0,0,1,0,0
0.3076923076923077,1,-0.25,-0.03361344537815126,0,0.1111111111111111,0,-0.06666666666666665,0,0,0,0,0,0,1,0,0,0,0,1,0
0.15384615384615385,1,0.0,-0.022408963585434174,0,0.6388888888888888,0,-0.3333333333333333,0,0,0,0,0,0,1,0,0,0,1,0,0
0.15384615384615385,1,-0.5,0.19047619047619047,0,0.8055555555555556,0,-0.3333333333333333,0,0,0,0,0,0,1,0,0,0,0,1,0
1.0,1,1.1,-0.12324929971988796,0,0.2777777777777778,0,0.20000000000000004,1,0,0,0,0,0,0,1,0,0,1,0,0
0.07692307692307693,0,0.1,1.3333333333333333,0,0.7222222222222222,0,0.4666666666666666,0,0,0,0,0,0,1,0,0,0,0,1,0
-0.7692307692307693,1,-0.5,-0.6050420168067226,0,0.1111111111111111,1,1.5333333333333332,1,0,0,0,0,1,0,0,0,0,0,1,0
0.6923076923076923,1,0.5,-0.40336134453781514,0,0.1111111111111111,1,2.3333333333333335,1,0,0,0,0,1,0,0,0,0,1,0,0
0.6923076923076923,0,-0.3,-0.2913165266106443,0,-0.1111111111111111,1,-0.3333333333333333,1,0,0,0,0,1,0,0,0,0,0,1,0
-1.0,1,-0.5,-0.7394957983193278,0,1.1666666666666667,0,-0.3333333333333333,0,0,0,0,0,0,1,0,0,0,0,1,0
0.38461538461538464,1,1.7,-0.5266106442577031,1,-1.3888888888888888,0,0.3333333333333333,1,0,0,0,0,1,0,0,0,0,1,0,0
0.23076923076923078,0,0.5,0.20168067226890757,0,-0.4722222222222222,1,-0.19999999999999998,1,0,0,0,0,1,0,0,0,0,0,1,0
-0.6923076923076923,1,-1.0,0.45938375350140054,0,-0.2222222222222222,0,0.4666666666666666,1,0,0,0,0,0,0,0,1,0,0,1,0
1.0769230769230769,1,0.7,-0.33613445378151263,1,0.027777777777777776,0,1.9333333333333333,1,0,0,0,0,1,0,0,0,0,0,1,0
0.23076923076923078,1,0.0,-1.0308123249299719,0,-0.6944444444444444,1,0.4666666666666666,1,0,0,0,0,1,0,0,0,0,0,1,0
0.23076923076923078,0,0.0,0.14565826330532214,0,0.9444444444444444,0,-0.3333333333333333,1,0,0,0,0,0,1,0,0,0,1,0,0
-1.2307692307692308,1,0.4,-0.5378151260504201,0,0.9166666666666666,0,-0.3333333333333333,0,0,0,0,0,0,0,1,0,0,0,1,0
-2.0,1,0.0,-1.0196078431372548,0,1.25,0,-0.3333333333333333,0,0,0,0,0,0,1,0,0,0,1,0,0
-1.9230769230769231,1,-0.5,0.22408963585434175,0,0.5555555555555556,0,-0.3333333333333333,0,0,0,0,0,0,1,0,0,0,0,1,0
-1.9230769230769231,1,0.5,0.0,0,0.8333333333333334,0,-0.3333333333333333,0,0,1,0,0,0,1,0,0,0,0,1,0
-1.8461538461538463,0,2.0,0.1568627450980392,0,0.8333333333333334,0,-0.3333333333333333,0,0,0,0,0,0,0,0,1,0,0,0,1
-1.7692307692307692,0,-1.5,-0.04481792717086835,0,0.2777777777777778,0,-0.3333333333333333,0,0,0,0,0,0,1,0,0,0,0,0,1
-1.6923076923076923,0,-1.25,-0.2801120448179272,0,0.6944444444444444,0,-0.3333333333333333,0,0,0,0,0,0,1,0,0,0,0,1,0
-1.6923076923076923,1,-1.0,0.022408963585434174,0,1.2222222222222223,0,-0.3333333333333333,0,0,0,0,0,0,1,0,0,0,0,1,0
-1.6923076923076923,1,-0.25,0.3473389355742297,0,0.4166666666666667,0,-0.3333333333333333,0,0,0,0,0,0,1,0,0,0,0,1,0
-1.6153846153846154,1,-0.5,0.8403361344537815,0,1.25,0,-0.3333333333333333,0,0,0,0,0,0,0,1,0,0,0,1,0
-1.5384615384615385,0,0.0,-0.6946778711484594,0,1.3888888888888888,0,-0.3333333333333333,0,0,0,0,0,0,1,0,0,0,0,1,0
-1.5384615384615385,1,1.0,-0.10084033613445378,0,0.7777777777777778,0,-0.3333333333333333,0,0,0,0,0,0,1,0,0,0,0,0,1
-1.5384615384615385,1,-1.6,-0.03361344537815126,0,0.2777777777777778,0,-0.3333333333333333,0,0,0,0,0,0,1,0,0,0,0,1,0
-1.4615384615384615,0,-0.5,-0.7058823529411765,0,1.25,0,-0.3333333333333333,0,0,0,0,0,0,0,0,1,0,0,0,1
-1.4615384615384615,0,0.5,-0.6274509803921569,0,0.2777777777777778,0,-0.3333333333333333,0,0,0,0,0,1,0,0,0,0,0,1,0
-1.4615384615384615,1,-0.5,0.9523809523809523,0,1.1111111111111112,0,-0.3333333333333333,0,0,0,0,0,0,1,0,0,0,1,0,0
-1.4615384615384615,1,1.0,0.45938375350140054,0,0.7777777777777778,0,-0.3333333333333333,0,0,0,0,0,0,1,0,0,0,0,1,0
-1.3846153846153846,1,-0.5,-0.6386554621848739,0,1.1111111111111112,0,-0.3333333333333333,0,0,0,0,0,0,1,0,0,0,0,1,0
-1.3846153846153846,1,-0.9,1.3109243697478992,0,1.2222222222222223,0,0.3333333333333333,0,0,0,0,0,0,0,1,0,0,0,1,0
-1.3846153846153846,1,0.0,-0.1568627450980392,0,1.0555555555555556,0,-0.3333333333333333,0,0,0,0,0,0,0,1,0,0,0,1,0
-1.3846153846153846,1,1.0,-0.7058823529411765,0,0.8888888888888888,0,-0.3333333333333333,0,0,0,0,0,0,0,1,0,0,0,1,0
-1.3076923076923077,0,-0.5,0.41456582633053224,0,-0.2777777777777778,0,-0.3333333333333333,0,0,0,0,0,0,1,0,0,0,0,1,0
-1.3076923076923077,0,0.0,-0.13445378151260504,0,0.05555555555555555,0,-0.3333333333333333,0,0,0,0,0,0,0,1,0,0,0,1,0
-1.3076923076923077,0,0.0,-0.5602240896358543,0,1.2222222222222223,0,-0.3333333333333333,0,0,0,0,0,1,0,0,0,0,0,0,1
-1.3076923076923077,1,0.0,0.6722689075630253,0,-1.1666666666666667,0,-0.3333333333333333,0,0,0,0,0,0,1,0,0,0,0,0,1
-1.3076923076923077,1,0.0,-0.32492997198879553,0,0.2777777777777778,0,-0.3333333333333333,0,0,0,0,0,0,0,1,0,0,0,1,0
-1.3076923076923077,1,-0.5,0.0,0,0.7777777777777778,0,-0.3333333333333333,0,0,0,0,0,1,0,0,0,0,0,1,0
-1.3076923076923077,1,0.0,1.0308123249299719,0,0.5,0,-0.3333333333333333,0,0,0,0,0,1,0,0,0,0,0,1,0
-1.2307692307692308,0,-0.5,0.5826330532212886,-1,-0.3055555555555556,0,-0.3333333333333333,0,0,0,0,0,0,1,0,0,0,0,1,0
-1.2307692307692308,1,0.5,0.8291316526610645,0,0.2777777777777778,0,-0.3333333333333333,0,0,0,0,0,0,1,0,0,0,0,1,0
-1.2307692307692308,1,0.75,0.773109243697479,0,-0.2777777777777778,0,-0.3333333333333333,0,0,0,0,0,0,0,1,0,0,0,1,0
-1.1538461538461537,0,-1.0,-0.45938375350140054,0,1.1111111111111112,0,-0.3333333333333333,0,0,0,0,0,0,0,1,0,0,0,0,1
-1.1538461538461537,1,-0.5,0.0,0,0.16666666666666666,0,1.0,0,0,1,0,0,0,1,0,0,0,0,0,1
-1.1538461538461537,1,-0.5,-0.25770308123249297,0,0.5555555555555556,1,0.3333333333333333,0,0,0,0,0,0,1,0,0,0,0,1,0
-1.1538461538461537,1,-0.5,-0.21288515406162464,0,0.1388888888888889,0,-0.3333333333333333,0,0,0,0,0,0,1,0,0,0,0,1,0
-1.1538461538461537,1,0.0,0.0,0,-0.5555555555555556,0,-0.3333333333333333,0,0,1,0,0,0,1,0,0,0,0,1,0
-1.1538461538461537,1,3.0,0.20168067226890757,0,-0.9444444444444444,0,-0.3333333333333333,0,0,0,0,0,0,1,0,0,0,0,1,0
-1.1538461538461537,1,-0.5,1.2997198879551821,0,0.8333333333333334,0,-0.3333333333333333,0,0,0,0,0,0,0,1,0,0,0,1,0
-1.1538461538461537,1,1.5,-0.8515406162464986,1,0.5555555555555556,0,-0.3333333333333333,0,0,0,0,0,0,0,1,0,0,0,1,0
-1.1538461538461537,1,-1.0,0.5602240896358543,0,-0.2222222222222222,0,-0.3333333333333333,0,0,0,0,0,1,0,0,0,0,0,1,0
-1.1538461538461537,1,0.0,0.9411764705882353,0,0.0,0,-0.3333333333333333,0,0,0,0,0,1,0,0,0,0,0,1,0
-1.0769230769230769,1,0.0,0.5826330532212886,0,0.2777777777777778,0,-0.3333333333333333,0,0,0,0,0,0,1,0,0,0,0,1,0
-1.0769230769230769,1,0.5,0.7394957983193278,0,0.8888888888888888,0,-0.3333333333333333,0,0,0,0,0,0,1,0,0,0,0,1,0
-1.0769230769230769,1,0.0,-0.0896358543417367,0,-0.05555555555555555,0,-0.3333333333333333,0,0,0,0,0,0,0,1,0,0,0,1,0
-1.0769230769230769,1,0.0,0.6498599439775911,0,0.75,0,-0.3333333333333333,0,0,0,0,0,0,0,1,0,0,0,1,0
-1.0769230769230769,1,0.5,0.0,0,1.3333333333333333,0,-0.3333333333333333,0,0,1,0,0,0,0,1,0,0,0,1,0
-1.0,0,-1.0,0.3025210084033613,0,0.05555555555555555,0,-0.3333333333333333,0,0,0,0,0,0,1,0,0,0,0,0,1
-1.0,0,-0.25,-0.4369747899159664,0,1.1111111111111112,0,-0.3333333333333333,0,0,0,0,0,0,1,0,0,0,0,1,0
-1.0,0,0.0,0.24649859943977592,0,0.2777777777777778,0,-0.3333333333333333,0,0,0,0,0,0,1,0,0,0,0,1,0
-1.0,1,-0.5,0.7619047619047619,0,0.5555555555555556,0,-0.3333333333333333,0,0,0,0,0,0,1,0,0,0,0,0,1
-1.0,1,-0.5,0.8067226890756303,0,0.8333333333333334,0,-0.3333333333333333,0,0,0,0,0,0,1,0,0,0,0,1,0
-1.0,1,-0.25,0.5154061624649859,0,0.1111111111111111,0,-0.3333333333333333,0,0,0,0,0,0,1,0,0,0,0,1,0
-1.0,1,-0.9,0.3025210084033613,0,0.05555555555555555,0,-0.3333333333333333,0,0,0,0,0,1,0,0,0,0,0,1,0
-0.9230769230769231,0,-0.75,-0.13445378151260504,0,-0.08333333333333333,0,-0.3333333333333333,0,0,0,0,0,0,0,1,0,0,0,0,1
-0.9230769230769231,1,-0.5,-0.3025210084033613,0,0.2777777777777778,0,-0.3333333333333333,0,0,0,0,0,0,1,0,0,0,0,1,0
-0.9230769230769231,1,-0.5,-0.2801120448179272,0,0.4166666666666667,0,-0.3333333333333333,0,0,0,0,0,0,1,0,0,0,0,1,0
-0.9230769230769231,1,1.0,0.5042016806722689,0,-0.1111111111111111,0,-0.3333333333333333,0,0,0,0,0,0,1,0,0,0,0,1,0
-0.9230769230769231,1,-0.5,0.056022408963585436,0,0.3333333333333333,1,0.6666666666666666,0,0,0,0,0,0,0,1,0,0,0,1,0
-0.9230769230769231,1,1.5,-0.8515406162464986,0,0.16666666666666666,0,-0.3333333333333333,0,0,0,0,0,0,0,1,0,0,0,1,0
-0.9230769230769231,1,0.5,1.5126050420168067,0,0.8333333333333334,0,-0.3333333333333333,0,0,0,0,0,1,0,0,0,0,0,1,0
-0.8461538461538461,0,-1.5,0.0,0,0.05555555555555555,0,-0.3333333333333333,0,0,0,0,0,0,0,0,1,0,0,1,0
-0.8461538461538461,0,-0.5,-0.24649859943977592,0,0.6944444444444444,0,-0.3333333333333333,0,0,0,0,0,0,1,0,0,0,0,1,0
-0.8461538461538461,0,-0.5,-0.0896358543417367,0,0.9722222222222222,0,-0.3333333333333333,0,0,0,0,0,0,1,0,0,0,0,0,1
-0.8461538461538461,0,-0.5,0.2913165266106443,0,1.0,0,-0.3333333333333333,0,0,0,0,0,0,1,0,0,0,0,0,1
-0.8461538461538461,0,-0.5,0.48179271708683474,0,-0.6111111111111112,0,-0.3333333333333333,0,0,0,0,0,0,1,0,0,0,0,1,0
-0.8461538461538461,0,1.0,-0.41456582633053224,0,0.3888888888888889,0,-0.3333333333333333,0,0,0,0,0,0,1,0,0,0,0,1,0
-0.8461538461538461,0,1.0,0.0,0,0.9722222222222222,0,-0.3333333333333333,0,0,1,0,0,0,0,1,0,0,0,1,0
-0.8461538461538461,1,0.6,-0.1792717086834734,0,-0.05555555555555555,0,-0.3333333333333333,0,0,0,0,0,0,1,0,0,0,0,1,0
-0.7692307692307693,0,-0.5,-0.056022408963585436,0,-0.6944444444444444,0,-0.3333333333333333,0,0,0,0,0,1,0,0,0,0,0,0,1
-0.7692307692307693,1,-0.5,-0.4369747899159664,0,0.05555555555555555,0,0.3333333333333333,0,0,0,0,0,0,1,0,0,0,0,1,0
-0.7692307692307693,1,0.0,-0.0896358543417367,0,-0.1388888888888889,0,-0.3333333333333333,0,0,0,0,0,0,1,0,0,0,0,1,0
-0.7692307692307693,1,1.0,2.1176470588235294,0,0.8333333333333334,0,-0.3333333333333333,0,0,0,0,0,1,0,0,0,0,0,1,0
-0.6923076923076923,0,0.0,0.1568627450980392,0,0.8333333333333334,0,-0.3333333333333333,0,0,0,0,0,0,1,0,0,0,0,1,0
-0.6923076923076923,0,2.5,0.0,0,1.1111111111111112,0,-0.3333333333333333,0,0,1,0,0,0,1,0,0,0,0,1,0
-0.6923076923076923,0,0.1,0.8291316526610645,0,0.1111111111111111,0,-0.3333333333333333,0,0,0,0,0,1,0,0,0,0,0,1,0
-0.6923076923076923,1,0.5,0.011204481792717087,1,-0.5,0,-0.3333333333333333,0,0,0,0,0,0,1,0,0,0,0,1,0
-0.6923076923076923,1,0.25,0.0,0,-0.8333333333333334,0,-0.3333333333333333,0,0,1,0,0,0,0,1,0,0,0,1,0
-0.6923076923076923,1,-0.5,0.022408963585434174,0,0.0,0,-0.3333333333333333,0,0,0,0,0,1,0,0,0,0,0,1,0
-0.6923076923076923,1,0.5,0.011204481792717087,0,0.1111111111111111,0,-0.3333333333333333,0,0,0,0,0,1,0,0,0,0,0,1,0
-0.6153846153846154,0,0.0,0.16806722689075632,0,-1.3888888888888888,0,-0.3333333333333333,0,0,0,0,0,1,0,0,0,0,0,1,0
-0.6153846153846154,1,0.5,0.5826330532212886,0,0.6944444444444444,1,-0.3333333333333333,0,0,0,0,0,0,1,0,0,0,0,1,0
-0.6153846153846154,1,-0.5,0.0784313725490196,0,0.2777777777777778,0,-0.3333333333333333,0,0,0,0,0,0,0,1,0,0,0,1,0
-0.6153846153846154,1,1.0,-0.6722689075630253,-1,-0.6666666666666666,0,-0.3333333333333333,0,0,0,0,0,0,0,1,0,0,0,1,0
-0.6153846153846154,1,-1.0,0.16806722689075632,0,0.0,1,0.3333333333333333,0,0,0,0,0,1,0,0,0,0,0,0,1
-0.6153846153846154,1,-1.0,0.19047619047619047,0,0.0,0,-0.3333333333333333,0,0,0,0,0,1,0,0,0,0,0,0,1
-0.6153846153846154,1,2.5,0.6386554621848739,0,-0.5555555555555556,0,-0.3333333333333333,0,0,0,0,0,1,0,0,0,0,0,0,1
-0.5384615384615384,0,0.5,0.38095238095238093,0,-0.1388888888888889,0,0.3333333333333333,0,0,0,0,0,0,1,0,0,0,0,1,0
-0.5384615384615384,0,0.0,0.0,0,0.1388888888888889,0,1.0,0,0,1,0,0,0,0,1,0,0,0,1,0
-0.5384615384615384,1,-1.0,0.2913165266106443,0,0.2777777777777778,0,-0.3333333333333333,0,0,0,0,0,0,0,0,1,0,0,1,0
-0.5384615384615384,1,1.5,0.4481792717086835,0,0.9444444444444444,0,-0.3333333333333333,0,0,0,0,0,0,1,0,0,0,0,1,0
-0.5384615384615384,1,0.5,0.5938375350140056,1,-0.4166666666666667,1,-0.3333333333333333,0,0,0,0,0,1,0,0,0,0,0,1,0
-0.46153846153846156,0,0.0,0.9523809523809523,0,0.0,-1,1.0,0,1,0,1,0,0,1,0,0,0,0,0,1
-0.46153846153846156,0,-0.5,0.0,1,0.2222222222222222,0,-0.3333333333333333,0,0,1,0,0,0,1,0,0,0,0,0,1
-0.46153846153846156,0,-0.5,0.6834733893557423,0,-0.5555555555555556,0,-0.3333333333333333,0,0,0,0,0,0,1,0,0,0,0,1,0
-0.46153846153846156,0,-0.5,-0.3137254901960784,0,-0.4166666666666667,0,-0.3333333333333333,0,0,0,0,0,0,0,1,0,0,0,1,0
-0.46153846153846156,0,-1.1,-0.6722689075630253,0,0.9722222222222222,0,1.0,0,0,0,0,0,1,0,0,0,0,0,1,0
-0.46153846153846156,0,-0.5,0.3473389355742297,0,-0.8333333333333334,0,-0.3333333333333333,0,0,0,0,0,1,0,0,0,0,0,0,1
-0.46153846153846156,0,1.0,0.04481792717086835,0,-0.2777777777777778,1,0.3333333333333333,0,0,0,0,0,1,0,0,0,0,0,1,0
-0.46153846153846156,1,-1.5,0.0,0,-1.1111111111111112,0,-0.3333333333333333,0,0,1,0,0,0,1,0,0,0,0,1,0
-0.46153846153846156,1,0.0,0.24649859943977592,0,0.5555555555555556,0,-0.3333333333333333,0,0,0,0,0,0,1,0,0,0,0,1,0
-0.46153846153846156,1,0.5,0.16806722689075632,0,-0.6111111111111112,0,-0.3333333333333333,0,0,0,0,0,0,1,0,0,0,0,1,0
-0.46153846153846156,1,-1.0,-0.13445378151260504,0,-0.05555555555555555,0,-0.3333333333333333,0,0,0,0,0,0,0,1,0,0,0,1,0
-0.38461538461538464,0,-1.0,0.0,0,0.5555555555555556,0,-0.3333333333333333,0,0,1,0,0,0,1,0,0,0,0,1,0
-0.38461538461538464,0,-1.0,0.0,0,0.5555555555555556,0,-0.3333333333333333,0,0,1,0,0,0,1,0,0,0,0,1,0
-0.38461538461538464,0,-0.3,-0.24649859943977592,0,0.6666666666666666,0,-0.3333333333333333,0,0,0,0,0,0,1,0,0,0,0,1,0
-0.38461538461538464,0,0.0,-0.1792717086834734,0,-0.1388888888888889,0,-0.3333333333333333,0,0,0,0,0,0,0,1,0,0,0,0,1
-0.38461538461538464,1,-1.5,0.33613445378151263,0,0.9444444444444444,0,-0.3333333333333333,0,0,0,0,0,0,1,0,0,0,0,1,0
-0.38461538461538464,1,0.5,-0.40336134453781514,0,0.8888888888888888,0,-0.3333333333333333,0,0,0,0,0,0,0,1,0,0,0,1,0
-0.38461538461538464,1,-0.5,0.8291316526610645,-1,-0.2222222222222222,0,0.3333333333333333,0,0,0,0,0,1,0,0,0,0,0,1,0
-0.38461538461538464,1,0.5,0.0,0,-0.2777777777777778,0,-0.3333333333333333,0,0,1,0,0,1,0,0,0,0,0,1,0
-0.3076923076923077,0,-1.0,-0.23529411764705882,0,0.1388888888888889,0,-0.3333333333333333,0,0,0,0,0,0,1,0,0,0,0,1,0
-0.3076923076923077,0,-0.5,1.1764705882352942,0,-0.8333333333333334,1,0.3333333333333333,0,0,0,0,0,1,0,0,0,0,0,1,0
-0.3076923076923077,1,-0.5,-0.6162464985994398,0,0.5555555555555556,0,-0.3333333333333333,0,0,0,0,0,0,1,0,0,0,0,1,0
-0.3076923076923077,1,0.5,-0.0784313725490196,0,0.8333333333333334,0,-0.3333333333333333,0,0,0,0,0,0,1,0,0,0,0,1,0
-0.3076923076923077,1,2.0,-0.1568627450980392,0,-0.6666666666666666,0,-0.3333333333333333,0,0,0,0,0,0,1,0,0,0,0,0,1
-0.3076923076923077,1,0.5,-1.0532212885154062,0,-0.1388888888888889,0,-0.3333333333333333,0,0,0,0,0,1,0,0,0,0,0,1,0
-0.3076923076923077,1,1.0,-0.0896358543417367,0,0.0,1,-0.3333333333333333,0,0,0,0,0,1,0,0,0,0,0,1,0
-0.23076923076923078,0,1.5,-0.32492997198879553,0,0.8333333333333334,0,-0.3333333333333333,0,0,0,0,0,0,1,0,0,0,0,1,0
-0.23076923076923078,0,-1.0,-0.3697478991596639,0,-0.5555555555555556,0,-0.3333333333333333,0,0,0,0,0,0,0,1,0,0,0,1,0
-0.23076923076923078,0,0.0,-0.03361344537815126,0,0.5555555555555556,1,1.0,0,0,0,0,0,0,0,1,0,0,0,1,0
-0.23076923076923078,0,1.0,-0.25770308123249297,0,-0.5555555555555556,0,0.0,0,0,0,0,0,0,0,1,0,0,0,1,0
-0.23076923076923078,1,-0.25,-0.39215686274509803,0,0.1388888888888889,0,-0.3333333333333333,0,0,0,0,0,0,1,0,0,0,0,1,0
-0.23076923076923078,1,0.0,0.011204481792717087,0,0.2777777777777778,0,-0.3333333333333333,0,0,0,0,0,0,1,0,0,0,0,1,0
-0.23076923076923078,1,0.0,-0.49299719887955185,0,-1.1111111111111112,0,-0.3333333333333333,0,0,0,0,0,1,0,0,0,0,0,1,0
-0.15384615384615385,0,-0.5,-0.14565826330532214,0,0.2222222222222222,0,-0.3333333333333333,0,0,0,0,0,0,1,0,0,0,0,1,0
-0.15384615384615385,0,0.5,0.0,0,0.0,0,-0.3333333333333333,0,0,1,0,0,0,1,0,0,0,0,1,0
-0.15384615384615385,0,-0.25,0.5490196078431373,0,-0.027777777777777776,0,-0.3333333333333333,0,0,0,0,0,0,0,1,0,0,0,1,0
-0.15384615384615385,0,0.0,-0.48179271708683474,0,0.0,1,0.6666666666666666,0,0,0,0,0,1,0,0,0,0,0,1,0
-0.15384615384615385,1,-0.5,0.6834733893557423,0,-0.6111111111111112,0,-0.3333333333333333,0,0,0,0,0,0,1,0,0,0,0,1,0
-0.15384615384615385,1,0.5,-1.3781512605042017,0,-0.05555555555555555,1,-0.3333333333333333,0,0,0,0,0,0,1,0,0,0,0,1,0
-0.15384615384615385,1,1.5,-0.3025210084033613,0,0.6944444444444444,0,-0.3333333333333333,0,0,0,0,0,0,1,0,0,0,0,1,0
-0.15384615384615385,1,0.5,0.40336134453781514,0,0.8333333333333334,0,-0.3333333333333333,0,0,0,0,0,0,0,1,0,0,0,0,1
-0.07692307692307693,0,-0.85,2.7450980392156863,-1,-0.3611111111111111,0,-0.3333333333333333,0,0,0,0,0,0,1,0,0,0,0,1,0
-0.07692307692307693,0,0.5,-0.0784313725490196,0,0.05555555555555555,1,1.0,0,0,0,0,0,0,1,0,0,0,0,1,0
-0.07692307692307693,0,-0.5,0.5714285714285714,0,-0.2777777777777778,0,-0.3333333333333333,0,0,0,0,0,0,0,1,0,0,0,1,0
-0.07692307692307693,1,-0.5,0.0,0,-0.2222222222222222,0,-0.3333333333333333,0,0,1,0,0,0,1,0,0,0,0,1,0
-0.07692307692307693,1,0.5,1.0868347338935573,0,0.6111111111111112,0,-0.3333333333333333,0,0,0,0,0,0,1,0,0,0,0,1,0
-0.07692307692307693,1,-0.5,-0.3137254901960784,0,0.0,0,-0.3333333333333333,0,0,0,0,0,0,0,1,0,0,0,1,0
-0.07692307692307693,1,-0.3,0.41456582633053224,0,-0.7777777777777778,1,1.6666666666666667,0,0,0,0,0,1,0,0,0,0,0,0,1
-0.07692307692307693,1,0.0,-0.45938375350140054,0,0.2222222222222222,0,-0.3333333333333333,0,0,0,0,0,1,0,0,0,0,0,1,0
-0.07692307692307693,1,0.5,0.22408963585434175,0,0.4166666666666667,0,-0.3333333333333333,0,0,0,0,0,1,0,0,0,0,0,1,0
0.0,0,-0.5,-0.022408963585434174,0,-0.05555555555555555,0,0.3333333333333333,0,0,0,0,0,0,1,0,0,0,0,1,0
0.0,0,-0.5,0.0784313725490196,1,0.0,0,-0.3333333333333333,0,0,0,0,0,0,1,0,0,0,0,1,0
0.0,0,-0.5,0.5602240896358543,0,0.2777777777777778,0,0.6666666666666666,0,0,0,0,0,0,1,0,0,0,0,1,0
0.0,0,0.0,0.33613445378151263,0,0.4166666666666667,0,-0.3333333333333333,0,0,0,0,0,0,1,0,0,0,0,0,1
0.0,0,0.5,0.9635854341736695,-1,0.0,0,-0.3333333333333333,0,0,0,0,0,0,1,0,0,0,0,0,1
0.0,0,1.0,0.0784313725490196,0,-0.2777777777777778,0,-0.3333333333333333,0,0,0,0,0,0,1,0,0,0,0,1,0
0.0,0,1.5,0.9971988795518207,0,-0.2777777777777778,0,-0.3333333333333333,0,0,0,0,0,0,1,0,0,0,0,1,0
0.0,1,-0.5,-0.5826330532212886,0,-0.08333333333333333,0,1.0,0,0,0,0,0,0,0,0,1,0,0,1,0
0.0,1,-1.0,-0.16806722689075632,0,0.05555555555555555,0,-0.3333333333333333,0,0,0,0,0,0,1,0,0,0,0,1,0
0.0,1,-0.5,0.16806722689075632,0,0.3888888888888889,0,-0.3333333333333333,0,0,0,0,0,0,1,0,0,0,0,1,0
0.0,1,-0.5,0.25770308123249297,0,-0.8333333333333334,0,-0.3333333333333333,0,0,0,0,0,0,1,0,0,0,0,1,0
0.0,1,1.5,-0.3137254901960784,0,-0.2777777777777778,0,0.3333333333333333,0,0,0,0,0,0,1,0,0,0,0,0,1
0.0,1,1.5,0.9187675070028011,0,0.9722222222222222,0,-0.3333333333333333,0,0,0,0,0,0,1,0,0,0,0,1,0
0.0,1,-0.5,-0.06722689075630252,0,-0.08333333333333333,0,-0.3333333333333333,0,0,0,0,0,0,0,1,0,0,0,1,0
0.0,1,1.0,0.0,0,-0.5,0,-0.3333333333333333,0,0,1,0,0,0,0,1,0,0,0,1,0
0.0,1,1.0,1.5910364145658262,0,-0.16666666666666666,0,0.3333333333333333,0,0,0,0,0,1,0,0,0,0,0,0,1
0.07692307692307693,0,-1.0,1.3557422969187676,0,0.5555555555555556,0,-0.3333333333333333,0,0,0,0,0,0,1,0,0,0,0,0,1
0.07692307692307693,0,-0.4,1.0868347338935573,0,0.4166666666666667,0,-0.3333333333333333,0,0,0,0,0,0,1,0,0,0,0,1,0
0.07692307692307693,0,0.0,1.915966386554622,0,0.2777777777777778,0,-0.3333333333333333,0,0,0,0,0,0,1,0,0,0,1,0,0
0.07692307692307693,1,-0.5,0.3697478991596639,1,-0.08333333333333333,0,-0.3333333333333333,0,0,0,0,0,0,1,0,0,0,0,1,0
0.07692307692307693,1,0.5,-0.3025210084033613,0,0.2777777777777778,0,-0.3333333333333333,0,0,0,0,0,0,1,0,0,0,0,1,0
0.07692307692307693,1,0.75,1.1540616246498598,0,0.4166666666666667,0,-0.3333333333333333,0,0,0,0,0,0,1,0,0,0,0,1,0
0.07692307692307693,1,-1.0,0.6050420168067226,0,0.5555555555555556,0,-0.3333333333333333,0,0,0,0,0,0,0,1,0,0,0,1,0
0.07692307692307693,1,-0.5,-0.03361344537815126,0,-0.16666666666666666,0,-0.3333333333333333,0,0,0,0,0,0,0,1,0,0,1,0,0
0.07692307692307693,1,-0.5,0.5266106442577031,0,0.0,0,-0.3333333333333333,0,0,0,0,0,1,0,0,0,0,0,1,0
0.07692307692307693,1,0.5,0.06722689075630252,0,-0.8333333333333334,1,0.0,0,0,0,0,0,1,0,0,0,0,0,1,0
0.15384615384615385,0,0.0,-0.04481792717086835,-1,0.6666666666666666,0,-0.3333333333333333,0,0,0,0,0,0,0,1,0,0,0,0,1
0.15384615384615385,1,0.0,-0.4369747899159664,0,-1.1111111111111112,0,-0.3333333333333333,0,0,0,0,0,0,1,0,0,0,0,1,0
0.15384615384615385,1,0.0,0.0,0,-0.7222222222222222,0,-0.3333333333333333,0,0,1,0,0,0,0,1,0,0,0,1,0
0.15384615384615385,1,0.0,0.5938375350140056,0,-0.3333333333333333,1,0.3333333333333333,0,0,0,0,0,0,0,1,0,0,0,1,0
0.15384615384615385,1,-0.5,-1.546218487394958,0,0.0,0,-0.3333333333333333,0,0,0,0,0,1,0,0,0,0,0,1,0
0.23076923076923078,0,0.0,0.9523809523809523,0,-1.1666666666666667,0,0.3333333333333333,0,0,0,0,0,0,0,0,1,0,0,1,0
0.23076923076923078,0,2.5,1.3893557422969187,0,-0.3888888888888889,1,0.20000000000000004,0,0,0,0,0,1,0,0,0,0,0,0,1
0.23076923076923078,1,0.5,0.41456582633053224,1,0.0,0,-0.3333333333333333,0,0,0,0,0,0,1,0,0,0,0,1,0
0.3076923076923077,1,0.0,0.0784313725490196,0,0.2777777777777778,0,-0.3333333333333333,0,0,0,0,0,0,1,0,0,0,0,1,0
0.3076923076923077,1,0.0,0.3137254901960784,0,-0.8333333333333334,0,-0.3333333333333333,0,0,0,0,0,0,1,0,0,0,0,1,0
0.3076923076923077,1,0.5,-0.49299719887955185,0,0.5555555555555556,0,-0.3333333333333333,0,0,0,0,0,0,0,1,0,0,0,1,0
0.3076923076923077,1,0.25,-0.011204481792717087,0,-1.1111111111111112,0,-0.3333333333333333,0,0,0,0,0,1,0,0,0,0,0,1,0
0.38461538461538464,0,0.0,-0.39215686274509803,0,-0.4444444444444444,0,0.3333333333333333,0,0,0,0,0,0,1,0,0,0,0,1,0
0.38461538461538464,1,0.5,0.7170868347338936,0,0.2777777777777778,0,-0.3333333333333333,0,0,0,0,0,0,1,0,0,0,0,1,0
0.38461538461538464,1,0.0,1.0644257703081232,0,-0.5555555555555556,1,0.3333333333333333,0,0,0,0,0,0,0,1,0,0,0,1,0
0.38461538461538464,1,2.5,-0.11204481792717087,0,-1.1111111111111112,0,-0.3333333333333333,0,0,0,0,0,0,0,1,0,0,0,1,0
0.38461538461538464,1,0.5,0.0,0,0.0,0,-0.3333333333333333,0,0,1,0,0,1,0,0,0,0,0,1,0
0.46153846153846156,1,-0.5,0.25770308123249297,0,-0.1388888888888889,0,-0.3333333333333333,0,0,0,0,0,0,0,1,0,0,1,0,0
0.5384615384615384,0,0.0,0.7955182072829131,0,-0.5555555555555556,1,0.3333333333333333,0,0,0,0,0,1,0,0,0,0,0,0,1
0.5384615384615384,1,-0.25,0.773109243697479,0,-0.6944444444444444,1,-0.3333333333333333,0,0,0,0,0,1,0,0,0,0,0,0,1
0.6153846153846154,0,1.5,-0.33613445378151263,0,-0.6666666666666666,0,-0.3333333333333333,0,0,0,0,0,0,0,0,1,0,0,1,0
0.6153846153846154,1,0.5,0.5378151260504201,0,0.3333333333333333,0,0.3333333333333333,0,0,0,0,0,0,1,0,0,0,0,1,0
-1.7692307692307692,1,-0.5,0.5266106442577031,0,0.3611111111111111,1,0.6666666666666666,1,0,0,0,0,1,0,0,0,0,0,1,0
-1.6153846153846154,0,-1.5,0.25770308123249297,0,0.2777777777777778,1,0.3333333333333333,1,0,0,0,0,1,0,0,0,0,0,1,0
-1.5384615384615385,1,0.5,-0.7507002801120448,0,1.1111111111111112,0,-0.3333333333333333,1,0,0,0,0,0,0,0,1,0,0,1,0
-1.4615384615384615,1,-1.0,0.38095238095238093,0,0.0,0,-0.3333333333333333,1,0,0,0,0,0,1,0,0,0,0,1,0
-1.3846153846153846,1,-0.5,0.49299719887955185,0,0.5555555555555556,0,1.6666666666666667,1,0,0,0,0,0,1,0,0,0,0,1,0
-1.3076923076923077,1,0.5,-0.1792717086834734,0,-0.2777777777777778,1,0.6666666666666666,1,0,0,0,0,1,0,0,0,0,0,1,0
-1.2307692307692308,1,-1.0,-0.3025210084033613,0,0.7222222222222222,0,-0.3333333333333333,1,0,0,0,0,1,0,0,0,0,0,1,0
-1.2307692307692308,1,-0.5,0.6610644257703081,0,0.8333333333333334,0,-0.3333333333333333,1,0,0,0,0,1,0,0,0,0,0,1,0
-1.2307692307692308,1,-1.9,-1.1876750700280112,0,-0.16666666666666666,1,1.3333333333333333,1,0,0,0,0,1,0,0,0,0,0,1,0
-1.0769230769230769,1,-0.5,2.722689075630252,-1,0.3333333333333333,1,0.3333333333333333,1,0,0,0,0,1,0,0,0,0,0,1,0
-1.0,1,-1.0,0.7394957983193278,0,0.8333333333333334,0,-0.3333333333333333,1,0,0,0,0,1,0,0,0,0,0,1,0
-1.0,1,-0.5,0.1568627450980392,-1,-0.05555555555555555,1,0.3333333333333333,1,0,0,0,0,1,0,0,0,0,0,1,0
-0.8461538461538461,1,1.0,0.2689075630252101,0,-0.2777777777777778,1,1.0,1,0,0,0,0,1,0,0,0,0,0,1,0
-0.6153846153846154,1,-1.0,-0.23529411764705882,0,0.2777777777777778,1,-0.3333333333333333,1,0,0,0,0,1,0,0,0,0,0,1,0
-0.6153846153846154,1,-0.6,-0.41456582633053224,0,-0.4444444444444444,0,-0.3333333333333333,1,0,0,0,0,1,0,0,0,0,0,1,0
-0.6153846153846154,1,-0.5,0.6050420168067226,0,-0.4166666666666667,1,0.3333333333333333,1,0,0,0,0,1,0,0,0,0,0,1,0
-0.5384615384615384,1,0.5,-0.33613445378151263,0,0.1388888888888889,1,0.3333333333333333,1,0,0,0,0,0,0,1,0,0,0,1,0
-0.5384615384615384,1,1.0,0.03361344537815126,0,-1.1666666666666667,1,0.6666666666666666,1,0,0,0,0,1,0,0,0,0,0,1,0
-0.46153846153846156,1,-1.2,0.4481792717086835,1,-0.8333333333333334,0,-0.3333333333333333,1,0,0,0,0,1,0,0,0,0,0,1,0
-0.46153846153846156,1,-0.5,0.41456582633053224,0,-0.6944444444444444,0,1.0,1,0,0,0,0,1,0,0,0,0,0,1,0
-0.46153846153846156,1,1.5,0.5042016806722689,0,-1.0277777777777777,1,0.3333333333333333,1,0,0,0,0,1,0,0,0,0,0,1,0
-0.38461538461538464,0,1.5,-0.48179271708683474,0,0.4444444444444444,0,0.3333333333333333,1,0,0,0,0,0,0,1,0,0,0,1,0
-0.38461538461538464,1,-0.75,0.47058823529411764,0,0.9722222222222222,0,-0.3333333333333333,1,0,0,0,0,0,0,1,0,0,0,1,0
-0.38461538461538464,1,0.0,-0.19047619047619047,0,0.8333333333333334,0,-0.3333333333333333,1,0,0,0,0,1,0,0,0,0,0,1,0
-0.3076923076923077,0,0.5,0.7282913165266106,0,0.0,1,-0.3333333333333333,1,0,0,0,0,0,0,1,0,0,0,1,0
-0.3076923076923077,1,0.75,0.45938375350140054,0,0.2777777777777778,0,-0.3333333333333333,1,0,0,0,0,1,0,0,0,0,0,1,0
-0.23076923076923078,0,1.5,0.896358543417367,0,0.2777777777777778,1,0.3333333333333333,1,0,0,0,0,1,0,0,0,0,0,1,0
-0.15384615384615385,1,0.0,0.022408963585434174,0,-0.5555555555555556,1,1.0,1,0,0,0,0,1,0,0,0,0,0,1,0
0.0,1,-0.25,-0.0784313725490196,0,0.0,0,-0.3333333333333333,1,0,0,0,0,1,0,0,0,0,0,1,0
0.0,1,-0.25,0.011204481792717087,0,-0.5,0,1.0,1,0,0,0,0,1,0,0,0,0,0,1,0
0.07692307692307693,1,0.5,-0.24649859943977592,0,-0.2777777777777778,1,1.6666666666666667,1,0,0,0,0,1,0,0,0,0,0,1,0
0.23076923076923078,1,0.5,0.47058823529411764,0,0.1388888888888889,1,0.3333333333333333,1,0,0,0,0,0,1,0,0,0,0,0,1
0.3076923076923077,1,0.0,-0.11204481792717087,0,0.0,0,-0.3333333333333333,1,0,0,0,0,0,0,1,0,0,0,0,1
0.38461538461538464,0,0.0,1.288515406162465,1,-0.2777777777777778,1,0.6666666666666666,1,0,0,0,0,1,0,0,0,0,0,0,1
0.46153846153846156,1,-1.5,0.2801120448179272,0,-0.4166666666666667,0,0.3333333333333333,1,0,0,0,0,1,0,0,0,0,0,1,0
0.6923076923076923,1,1.0,0.0,0,-0.6944444444444444,0,-0.3333333333333333,1,0,0,0,0,1,0,0,0,0,0,1,0
0.8461538461538461,1,0.5,0.9299719887955182,1,-1.4722222222222223,1,0.6666666666666666,1,0,0,0,0,1,0,0,0,0,0,1,0
-1.6923076923076923,1,-0.6,3.4285714285714284,0,-0.2777777777777778,0,-0.3333333333333333,1,0,0,0,0,1,0,0,0,0,0,1,0
-1.2307692307692308,1,-1.0,0.0,0,0.2777777777777778,1,0.3333333333333333,1,0,1,0,0,1,0,0,0,0,0,1,0
-1.1538461538461537,1,-1.0,0.6386554621848739,0,0.2777777777777778,0,-0.3333333333333333,1,0,0,0,0,1,0,0,0,0,0,1,0
-1.0769230769230769,0,1.0,1.8935574229691876,0,-0.2777777777777778,0,1.0,1,0,0,0,0,1,0,0,0,0,0,1,0
-0.8461538461538461,1,-0.5,0.7619047619047619,0,0.4166666666666667,0,-0.3333333333333333,1,0,0,0,0,0,0,0,1,0,0,0,1
-0.6923076923076923,1,0.0,-0.04481792717086835,0,-0.2777777777777778,1,0.3333333333333333,1,0,0,0,0,1,0,0,0,0,0,0,1
-0.6153846153846154,1,-0.5,0.0896358543417367,0,-0.6944444444444444,1,-0.3333333333333333,1,0,0,0,0,1,0,0,0,0,0,1,0
-0.6153846153846154,1,0.0,-0.011204481792717087,0,-0.7777777777777778,0,-0.3333333333333333,1,0,0,0,0,1,0,0,0,0,0,1,0
-0.46153846153846156,1,-0.4,0.5826330532212886,1,0.2777777777777778,1,1.0,1,0,0,0,0,1,0,0,0,0,0,0,1
-0.46153846153846156,1,1.5,-0.33613445378151263,0,-1.0555555555555556,1,1.6666666666666667,1,0,0,0,0,1,0,0,0,0,0,1,0
-0.46153846153846156,1,1.5,1.1876750700280112,0,-1.3333333333333333,1,0.6666666666666666,1,0,0,0,0,1,0,0,0,0,0,1,0
-0.46153846153846156,1,1.5,1.4789915966386555,0,-1.1388888888888888,1,1.0,1,0,0,0,0,1,0,0,0,0,0,1,0
-0.3076923076923077,1,0.0,0.11204481792717087,0,-0.5277777777777778,1,1.0,1,0,0,0,0,1,0,0,0,0,0,1,0
-0.15384615384615385,1,-0.5,-0.45938375350140054,0,0.2777777777777778,0,-0.3333333333333333,1,0,0,0,0,1,0,0,0,0,0,1,0
-0.15384615384615385,1,2.0,0.0,0,-0.3888888888888889,1,0.6666666666666666,1,0,1,0,0,1,0,0,0,0,0,1,0
-0.07692307692307693,1,-0.5,0.25770308123249297,0,-0.6666666666666666,1,-0.3333333333333333,1,0,0,0,0,1,0,0,0,0,0,1,0
0.0,1,-0.5,0.1568627450980392,0,0.2777777777777778,1,0.6666666666666666,1,0,0,0,0,0,0,1,0,0,0,1,0
0.0,1,0.0,0.21288515406162464,0,-1.3611111111111112,1,0.3333333333333333,1,0,0,0,0,1,0,0,0,0,0,1,0
0.0,1,0.0,4.257703081232493,1,-0.4166666666666667,1,0.3333333333333333,1,0,0,0,0,1,0,0,0,0,0,1,0
0.0,1,0.5,0.0,0,-0.6111111111111112,1,-0.3333333333333333,1,0,1,0,0,1,0,0,0,0,0,1,0
0.0,1,3.5,-0.2801120448179272,0,0.05555555555555555,1,1.0,1,0,0,0,0,1,0,0,0,0,0,1,0
0.07692307692307693,1,0.5,0.5042016806722689,0,-0.3333333333333333,1,0.6666666666666666,1,0,0,0,0,1,0,0,0,0,0,1,0
0.15384615384615385,1,1.0,-0.11204481792717087,1,-0.4166666666666667,1,0.3333333333333333,1,0,0,0,0,1,0,0,0,0,0,1,0
0.23076923076923078,1,1.0,0.3585434173669468,0,-1.3333333333333333,1,1.6666666666666667,1,0,0,0,0,1,0,0,0,0,0,1,0
0.3076923076923077,1,1.5,-0.13445378151260504,1,-1.3333333333333333,0,-0.3333333333333333,1,0,0,0,0,0,0,1,0,0,0,0,1
0.3076923076923077,1,0.0,0.4481792717086835,0,0.0,1,1.0,1,0,0,0,0,1,0,0,0,0,0,1,0
-1.0,1,0.0,-0.5714285714285714,0,-0.2777777777777778,0,1.0,1,0,0,0,0,1,0,0,0,0,0,0,1
-0.8461538461538461,1,-0.5,-0.5378151260504201,0,-0.5555555555555556,1,0.3333333333333333,1,0,0,0,0,1,0,0,0,0,0,1,0
-0.7692307692307693,1,1.0,0.7282913165266106,0,0.2777777777777778,1,1.6666666666666667,1,0,0,0,0,0,1,0,0,0,0,1,0
-0.7692307692307693,1,0.0,0.7507002801120448,0,-1.1111111111111112,1,1.0,1,0,0,0,0,1,0,0,0,0,0,1,0
-0.6153846153846154,1,0.5,0.5490196078431373,1,0.9722222222222222,0,1.0,1,0,0,0,0,0,0,0,1,0,0,1,0
-0.5384615384615384,0,0.25,0.2801120448179272,1,0.8333333333333334,0,-0.3333333333333333,1,0,0,0,0,0,0,1,0,0,0,1,0
-0.46153846153846156,0,0.4,-0.10084033613445378,0,-0.8888888888888888,1,0.6666666666666666,1,0,0,0,0,1,0,0,0,0,0,1,0
-0.38461538461538464,1,0.0,1.3221288515406162,0,-0.5555555555555556,1,0.3333333333333333,1,0,0,0,0,1,0,0,0,0,0,1,0
-0.38461538461538464,1,0.5,0.12324929971988796,0,0.0,1,0.3333333333333333,1,0,0,0,0,1,0,0,0,0,0,1,0
-0.23076923076923078,1,0.25,-0.7058823529411765,0,0.2777777777777778,0,1.0,1,0,0,0,0,0,0,1,0,0,0,1,0
-0.15384615384615385,1,-0.9,1.3333333333333333,0,-1.2222222222222223,1,0.3333333333333333,1,0,0,0,0,1,0,0,0,0,0,0,1
-0.15384615384615385,1,0.0,0.8403361344537815,0,-0.8333333333333334,1,0.3333333333333333,1,0,0,0,0,1,0,0,0,0,0,1,0
-0.15384615384615385,1,0.5,2.0280112044817926,0,-0.4444444444444444,1,1.0,1,0,0,0,0,1,0,0,0,0,0,1,0
-0.15384615384615385,1,1.5,0.25770308123249297,0,-1.6111111111111112,1,2.3333333333333335,1,0,0,0,0,1,0,0,0,0,0,0,1
-0.07692307692307693,1,0.75,3.3053221288515404,0,-0.2777777777777778,0,-0.3333333333333333,1,0,0,0,0,0,0,1,0,0,0,1,0
-0.07692307692307693,1,2.5,0.6946778711484594,0,-0.5555555555555556,1,0.6666666666666666,1,0,0,0,0,1,0,0,0,0,0,0,1
0.0,1,0.5,-0.0784313725490196,0,-0.9722222222222222,0,0.6666666666666666,1,0,0,0,0,1,0,0,0,0,0,1,0
0.07692307692307693,1,0.5,0.8067226890756303,0,-0.1111111111111111,0,-0.3333333333333333,1,0,0,0,0,0,0,0,1,1,0,0,0
0.07692307692307693,1,1.5,0.773109243697479,1,0.08333333333333333,1,1.0,1,0,0,0,0,0,1,0,0,0,0,1,0
0.07692307692307693,1,0.75,0.2801120448179272,0,-1.2222222222222223,1,1.0,1,0,0,0,0,1,0,0,0,0,0,1,0
0.15384615384615385,0,-0.5,0.6274509803921569,0,0.2777777777777778,0,0.3333333333333333,1,0,0,0,0,0,1,0,0,0,0,1,0
0.15384615384615385,1,1.0,0.0784313725490196,0,-0.4444444444444444,1,0.6666666666666666,1,0,0,0,0,1,0,0,0,0,0,0,1
0.15384615384615385,1,2.0,1.8487394957983194,0,-0.5,1,1.0,1,0,0,0,0,1,0,0,0,0,0,0,1
0.3076923076923077,1,0.3,-0.6610644257703081,0,-1.1388888888888888,1,1.0,1,0,0,0,0,0,1,0,0,0,0,0,1
0.38461538461538464,1,0.0,0.0,0,-0.4166666666666667,0,-0.3333333333333333,1,0,1,0,0,1,0,0,0,0,0,1,0
0.38461538461538464,1,0.5,0.45938375350140054,1,-0.5833333333333334,1,-0.3333333333333333,1,0,0,0,0,1,0,0,0,0,1,0,0
0.8461538461538461,1,2.0,0.4481792717086835,1,-0.7777777777777778,1,1.0,1,0,0,0,0,1,0,0,0,0,0,1,0
0.9230769230769231,1,0.5,0.0,0,-1.2777777777777777,1,0.3333333333333333,1,0,1,0,0,1,0,0,0,0,0,1,0
-1.0,1,-0.5,1.2661064425770308,0,-0.6111111111111112,1,1.6666666666666667,1,0,0,0,0,1,0,0,0,0,0,1,0
-0.8461538461538461,1,0.5,0.7282913165266106,0,-0.1388888888888889,1,1.0,1,0,0,0,0,1,0,0,0,0,0,1,0
-0.7692307692307693,1,0.25,3.0028011204481793,0,-0.1388888888888889,0,-0.3333333333333333,1,0,0,0,0,1,0,0,0,0,0,1,0
-0.5384615384615384,0,-0.5,-0.20168067226890757,0,-1.1666666666666667,1,1.0,1,0,0,0,0,1,0,0,0,0,0,1,0
-0.5384615384615384,1,1.5,0.7619047619047619,0,0.5,1,1.6666666666666667,1,0,0,0,0,1,0,0,0,0,0,0,1
-0.38461538461538464,1,-0.1,-0.12324929971988796,0,-1.2222222222222223,1,-0.3333333333333333,1,0,0,0,0,1,0,0,0,0,0,1,0
-0.38461538461538464,1,1.0,-0.011204481792717087,0,-0.5,0,1.0,1,0,0,0,0,1,0,0,0,0,0,1,0
-0.3076923076923077,1,0.5,0.0896358543417367,0,0.0,1,3.0,1,0,0,0,0,1,0,0,0,0,0,0,1
-0.3076923076923077,1,0.5,1.3221288515406162,0,-0.4166666666666667,1,1.3333333333333333,1,0,0,0,0,1,0,0,0,0,0,0,1
-0.15384615384615385,1,0.5,0.48179271708683474,0,-0.16666666666666666,1,1.0,1,0,0,0,0,1,0,0,0,0,0,1,0
-0.15384615384615385,1,1.5,1.2100840336134453,0,-1.2777777777777777,1,1.3333333333333333,1,0,0,0,0,1,0,0,0,0,0,1,0
0.0,0,0.0,0.7955182072829131,0,-1.1111111111111112,1,-0.3333333333333333,1,0,0,0,0,0,0,1,0,0,0,0,1
0.15384615384615385,1,1.25,1.3333333333333333,1,0.2777777777777778,1,1.6666666666666667,1,0,0,0,0,1,0,0,0,0,0,1,0
0.3076923076923077,0,2.5,1.9047619047619047,0,-0.8333333333333334,1,0.3333333333333333,1,0,0,0,0,0,1,0,0,0,0,1,0
0.8461538461538461,1,0.0,0.5826330532212886,0,-0.6944444444444444,1,0.3333333333333333,1,0,0,0,0,1,0,0,0,0,0,0,1
-1.6923076923076923,1,-1.75,-2.4985994397759104,-1,-0.3611111111111111,0,0.1333333333333333,1,0,0,0,0,0,0,0,1,0,0,1,0
-1.5384615384615385,1,-0.75,-2.4985994397759104,-1,0.3888888888888889,0,-0.19999999999999998,1,0,0,0,0,1,0,0,0,1,0,0,0
-1.4615384615384615,1,0.0,-2.4985994397759104,-1,-0.2777777777777778,1,0.0,1,1,0,0,1,1,0,0,0,0,0,1,0
-1.3846153846153846,1,-1.0,-2.4985994397759104,-1,-0.4166666666666667,1,0.3333333333333333,1,0,0,0,0,1,0,0,0,0,0,1,0
-1.2307692307692308,0,-1.25,-2.4985994397759104,-1,0.7222222222222222,0,1.5333333333333332,1,0,0,0,0,1,0,0,0,0,0,1,0
-1.2307692307692308,0,-1.0,-2.4985994397759104,0,0.4444444444444444,0,-0.3333333333333333,1,0,0,0,0,1,0,0,0,0,0,1,0
-1.2307692307692308,1,-1.5,-2.4985994397759104,-1,1.0833333333333333,0,-1.0666666666666667,0,0,0,0,0,0,0,1,0,0,0,1,0
-1.2307692307692308,1,-0.75,-2.4985994397759104,0,-0.3333333333333333,1,-0.3333333333333333,1,0,0,0,0,0,0,1,0,0,0,1,0
-1.2307692307692308,1,0.25,-2.4985994397759104,-1,0.2777777777777778,0,-0.3333333333333333,1,0,0,0,0,1,0,0,0,0,0,1,0
-1.2307692307692308,1,1.0,-2.4985994397759104,-1,-0.5555555555555556,1,0.0,1,0,0,0,1,1,0,0,0,0,0,1,0
-1.0769230769230769,1,-1.75,-2.4985994397759104,-1,0.1111111111111111,0,-0.3333333333333333,1,0,0,0,0,1,0,0,0,0,0,0,1
-1.0,1,-0.25,-2.4985994397759104,-1,1.0,0,0.7333333333333334,1,0,0,0,0,1,0,0,0,0,0,1,0
-0.9230769230769231,1,-1.25,-2.4985994397759104,-1,-0.3333333333333333,1,-1.3333333333333333,1,0,0,0,0,1,0,0,0,0,0,1,0
-0.9230769230769231,1,0.75,-2.4985994397759104,0,-1.1388888888888888,1,-0.3333333333333333,1,0,0,0,0,1,0,0,0,0,0,1,0
-0.8461538461538461,1,-1.5,-2.4985994397759104,-1,-0.5,0,0.6666666666666666,1,0,0,0,0,1,0,0,0,0,0,1,0
-0.8461538461538461,1,-0.75,-2.4985994397759104,0,0.1388888888888889,1,1.0,1,0,0,0,0,1,0,0,0,0,0,1,0
-0.8461538461538461,1,0.5,-2.4985994397759104,0,0.0,1,0.0,1,0,0,0,0,1,0,0,0,0,0,0,1
-0.6923076923076923,1,-1.0,-2.4985994397759104,-1,-0.05555555555555555,0,-0.39999999999999997,0,0,0,0,0,0,0,1,0,0,0,1,0
-0.6153846153846154,1,-1.5,-2.4985994397759104,-1,-0.19444444444444445,0,-2.066666666666667,1,0,0,0,0,1,0,0,0,0,0,0,1
-0.6153846153846154,1,-0.75,-2.4985994397759104,0,-0.75,1,0.6666666666666666,1,0,0,0,0,1,0,0,0,0,0,1,0
-0.5384615384615384,1,-1.0,-2.4985994397759104,-1,-0.5555555555555556,1,-0.3333333333333333,1,0,0,0,0,0,0,1,0,0,0,1,0
-0.5384615384615384,1,1.25,-2.4985994397759104,0,-0.6111111111111112,1,0.3333333333333333,1,0,0,0,0,0,0,1,0,0,0,1,0
-0.5384615384615384,1,-1.0,-2.4985994397759104,-1,0.25,0,1.0666666666666667,1,0,0,0,0,1,0,0,0,0,0,0,1
-0.5384615384615384,1,1.5,-2.4985994397759104,0,-0.4444444444444444,1,-0.3333333333333333,1,0,0,0,0,1,0,0,0,0,0,1,0
-0.46153846153846156,1,-0.75,-2.4985994397759104,-1,-0.3333333333333333,0,-0.3333333333333333,1,0,0,0,0,1,0,0,0,0,0,1,0
-0.3076923076923077,0,1.5,-2.4985994397759104,-1,-0.8333333333333334,0,-0.3333333333333333,1,0,0,0,0,1,0,0,0,0,0,1,0
-0.3076923076923077,1,-0.75,-2.4985994397759104,0,-0.5555555555555556,1,0.0,1,0,0,0,0,1,0,0,0,0,0,1,0
-0.3076923076923077,1,-0.5,-2.4985994397759104,0,0.4444444444444444,1,-0.3333333333333333,1,0,0,0,0,1,0,0,0,0,0,0,1
-0.3076923076923077,1,0.75,-2.4985994397759104,-1,-0.027777777777777776,1,0.1333333333333333,1,0,0,0,0,1,0,0,0,0,0,1,0
-0.23076923076923078,0,-0.5,-2.4985994397759104,-1,-0.3611111111111111,1,0.6666666666666666,1,0,0,0,0,1,0,0,0,0,0,1,0
-0.23076923076923078,1,-1.0,-2.4985994397759104,-1,-1.3333333333333333,0,-0.3333333333333333,1,0,0,0,0,1,0,0,0,0,0,1,0
-0.23076923076923078,1,-0.5,-2.4985994397759104,1,-1.0,0,-0.3333333333333333,1,0,0,0,0,1,0,0,0,0,0,1,0
-0.23076923076923078,1,0.0,-2.4985994397759104,-1,0.8333333333333334,0,-0.7999999999999999,1,0,0,0,0,1,0,0,0,0,0,1,0
-0.23076923076923078,1,0.0,-2.4985994397759104,-1,0.6388888888888888,0,-0.3333333333333333,1,0,0,0,0,1,0,0,0,0,0,0,1
-0.23076923076923078,1,0.5,-2.4985994397759104,0,-2.2222222222222223,0,-0.3333333333333333,1,0,0,0,0,1,0,0,0,0,0,1,0
-0.23076923076923078,1,-1.75,-2.4985994397759104,-1,-0.3888888888888889,0,1.1333333333333335,1,0,0,0,0,1,0,0,0,0,0,1,0
-0.15384615384615385,1,0.0,-2.4985994397759104,-1,-0.5555555555555556,0,-0.3333333333333333,1,0,0,0,0,1,0,0,0,0,0,1,0
-0.15384615384615385,1,0.25,-2.4985994397759104,-1,-0.3333333333333333,1,1.0,1,0,0,0,0,1,0,0,0,0,0,1,0
-0.15384615384615385,1,1.75,-2.4985994397759104,-1,-0.5,1,0.3333333333333333,1,0,0,0,0,1,0,0,0,0,0,1,0
-0.15384615384615385,1,-1.75,-2.4985994397759104,-1,-1.6111111111111112,1,0.0,1,0,0,0,1,1,0,0,0,0,0,1,0
-0.07692307692307693,1,-0.5,-2.4985994397759104,0,-1.25,0,-0.3333333333333333,1,0,0,0,0,0,1,0,0,0,0,1,0
-0.07692307692307693,1,0.0,-2.4985994397759104,-1,-0.5555555555555556,0,0.1333333333333333,0,0,0,0,0,0,1,0,0,0,0,0,1
-0.07692307692307693,1,-1.25,-2.4985994397759104,0,-0.6944444444444444,0,-0.3333333333333333,1,0,0,0,0,0,0,1,0,0,0,1,0
-0.07692307692307693,1,1.5,-2.4985994397759104,-1,-0.5,1,-0.3333333333333333,1,0,0,0,0,0,0,1,0,0,1,0,0
-0.07692307692307693,1,-0.5,-2.4985994397759104,-1,-0.5555555555555556,0,-0.3333333333333333,1,0,0,0,0,1,0,0,0,0,0,1,0
-0.07692307692307693,1,-0.25,-2.4985994397759104,-1,-0.5555555555555556,0,0.6666666666666666,1,0,0,0,0,1,0,0,0,0,0,1,0
-0.07692307692307693,1,0.0,-2.4985994397759104,0,-0.1388888888888889,1,0.3333333333333333,1,0,0,0,0,1,0,0,0,0,1,0,0
-0.07692307692307693,1,-2.5,-2.4985994397759104,-1,0.027777777777777776,1,1.0,0,0,0,0,0,1,0,0,0,0,0,1,0
0.0,1,-0.5,-2.4985994397759104,0,0.4166666666666667,0,-0.3333333333333333,1,0,0,0,0,1,0,0,0,0,0,1,0
0.0,1,0.0,-2.4985994397759104,-1,-0.8333333333333334,1,1.6666666666666667,1,0,0,0,0,1,0,0,0,0,0,1,0
0.0,1,2.5,-2.4985994397759104,-1,0.2777777777777778,0,0.6666666666666666,1,0,0,0,0,1,0,0,0,0,0,1,0
0.07692307692307693,1,0.5,-2.4985994397759104,-1,0.2777777777777778,0,-0.19999999999999998,0,0,0,0,0,0,1,0,0,0,0,0,1
0.07692307692307693,1,-0.75,-2.4985994397759104,-1,0.4166666666666667,0,-0.26666666666666666,1,0,0,0,0,1,0,0,0,0,0,1,0
0.07692307692307693,1,-0.5,-2.4985994397759104,0,-1.3333333333333333,0,-0.13333333333333333,1,0,0,0,0,1,0,0,0,0,0,0,1
0.07692307692307693,1,0.5,-2.4985994397759104,0,-1.5833333333333333,0,-0.3333333333333333,1,0,0,0,0,1,0,0,0,0,0,1,0
0.15384615384615385,1,-0.5,-2.4985994397759104,0,-1.1944444444444444,0,-0.3333333333333333,0,0,0,0,0,0,0,1,0,0,0,1,0
0.15384615384615385,1,-0.25,-2.4985994397759104,-1,-1.1666666666666667,0,-1.6666666666666667,1,0,0,0,0,0,0,1,0,0,0,1,0
0.15384615384615385,1,1.25,-2.4985994397759104,0,-1.1388888888888888,0,-0.3333333333333333,1,0,0,0,0,0,0,1,0,0,0,0,1
0.15384615384615385,1,-0.75,-2.4985994397759104,-1,-1.6111111111111112,0,-1.0,1,0,0,0,0,1,0,0,0,0,0,0,1
0.15384615384615385,1,-0.5,-2.4985994397759104,0,-1.1111111111111112,1,-1.0,1,0,0,0,0,1,0,0,0,0,0,0,1
0.15384615384615385,1,-0.5,-2.4985994397759104,0,0.2222222222222222,0,-0.3333333333333333,1,0,0,0,0,1,0,0,0,0,0,0,1
0.15384615384615385,1,-0.25,-2.4985994397759104,1,-1.0277777777777777,1,0.3333333333333333,1,0,0,0,0,1,0,0,0,0,0,1,0
0.15384615384615385,1,0.5,-2.4985994397759104,-1,-0.5277777777777778,1,0.8666666666666667,1,0,0,0,0,1,0,0,0,0,0,1,0
0.23076923076923078,1,-1.25,-2.4985994397759104,-1,0.2222222222222222,0,-0.13333333333333333,1,0,0,0,0,0,0,1,0,0,0,1,0
0.23076923076923078,1,-1.0,-2.4985994397759104,-1,-0.25,1,0.6,1,0,0,0,0,1,0,0,0,0,0,0,1
0.23076923076923078,1,0.5,-2.4985994397759104,0,-0.5555555555555556,1,1.0,1,0,0,0,0,1,0,0,0,0,0,1,0
0.23076923076923078,1,0.5,-2.4985994397759104,-1,-1.1111111111111112,1,-0.3333333333333333,1,0,0,0,0,1,0,0,0,0,0,1,0
0.23076923076923078,1,1.5,-2.4985994397759104,-1,-1.1666666666666667,1,1.0,1,0,0,0,0,1,0,0,0,0,0,1,0
0.23076923076923078,1,-1.75,-2.4985994397759104,-1,1.1666666666666667,0,0.1333333333333333,1,0,0,0,0,1,0,0,0,0,0,1,0
0.3076923076923077,1,-0.75,-2.4985994397759104,-1,-0.05555555555555555,0,0.0,1,0,0,0,0,1,0,0,0,0,0,1,0
0.3076923076923077,1,0.0,-2.4985994397759104,0,-1.1111111111111112,1,0.3333333333333333,1,0,0,0,0,1,0,0,0,0,0,0,1
0.3076923076923077,1,2.0,-2.4985994397759104,-1,-0.9722222222222222,1,-0.3333333333333333,1,0,0,0,0,1,0,0,0,0,0,0,1
0.38461538461538464,1,-0.25,-2.4985994397759104,-1,0.9722222222222222,0,1.4000000000000001,1,0,0,0,0,0,0,1,0,0,0,1,0
0.38461538461538464,1,-1.0,-2.4985994397759104,-1,-1.2777777777777777,0,-0.3333333333333333,1,0,0,0,0,1,0,0,0,0,0,1,0
0.38461538461538464,1,-0.5,-2.4985994397759104,0,-0.6944444444444444,0,-0.3333333333333333,1,0,0,0,0,1,0,0,0,0,0,1,0
0.38461538461538464,1,-0.25,-2.4985994397759104,-1,-0.5833333333333334,1,0.26666666666666666,1,0,0,0,0,1,0,0,0,0,0,1,0
0.38461538461538464,1,0.25,-2.4985994397759104,0,-0.6944444444444444,1,0.3333333333333333,1,0,0,0,0,1,0,0,0,0,0,1,0
0.46153846153846156,1,-0.75,-2.4985994397759104,-1,0.08333333333333333,0,1.2666666666666666,1,0,0,0,0,0,0,1,0,0,0,1,0
0.46153846153846156,1,-0.25,-2.4985994397759104,-1,-0.8333333333333334,0,-0.26666666666666666,1,0,0,0,0,1,0,0,0,0,0,1,0
0.46153846153846156,1,0.0,-2.4985994397759104,-1,-0.2777777777777778,1,0.4000000000000001,1,0,0,0,0,1,0,0,0,0,0,0,1
0.46153846153846156,1,0.25,-2.4985994397759104,0,-2.138888888888889,1,0.0,1,0,0,0,0,1,0,0,0,0,0,1,0
0.46153846153846156,1,1.5,-2.4985994397759104,0,-1.1388888888888888,1,0.0,1,0,0,0,0,1,0,0,0,0,0,0,1
0.46153846153846156,1,1.5,-2.4985994397759104,-1,0.25,0,-0.06666666666666665,1,0,0,0,0,1,0,0,0,0,0,1,0
0.5384615384615384,1,3.5,-2.4985994397759104,-1,-1.9444444444444444,0,-0.3333333333333333,1,0,0,0,0,0,0,1,0,0,0,0,1
0.5384615384615384,1,-1.25,-2.4985994397759104,-1,-0.8333333333333334,1,0.6666666666666666,1,0,0,0,0,1,0,0,0,0,0,1,0
0.5384615384615384,1,-1.0,-2.4985994397759104,-1,-0.75,0,0.6,1,0,0,0,0,1,0,0,0,0,0,1,0
0.5384615384615384,1,-0.25,-2.4985994397759104,0,-0.9722222222222222,1,-0.3333333333333333,1,0,0,0,0,1,0,0,0,0,0,1,0
0.5384615384615384,1,0.0,-2.4985994397759104,0,-0.6944444444444444,0,-0.3333333333333333,1,0,0,0,0,1,0,0,0,0,1,0,0
0.5384615384615384,1,0.0,-2.4985994397759104,-1,-1.75,0,1.3333333333333333,1,0,0,0,0,1,0,0,0,0,0,1,0
0.5384615384615384,1,1.0,-2.4985994397759104,0,-0.9722222222222222,1,-0.3333333333333333,1,0,0,0,0,1,0,0,0,0,0,1,0
0.5384615384615384,1,1.0,-2.4985994397759104,0,-0.6388888888888888,1,1.0,1,0,0,0,0,1,0,0,0,0,0,1,0
0.5384615384615384,1,1.5,-2.4985994397759104,1,0.1388888888888889,0,0.3333333333333333,1,0,0,0,0,1,0,0,0,0,0,0,1
0.6153846153846154,0,0.5,-2.4985994397759104,-1,0.08333333333333333,0,-0.3333333333333333,1,0,0,0,0,0,0,0,1,0,0,1,0
0.6153846153846154,0,-0.5,-2.4985994397759104,-1,-0.4722222222222222,1,0.7999999999999999,1,0,0,0,0,1,0,0,0,0,0,0,1
0.6153846153846154,1,-0.5,-2.4985994397759104,-1,-0.16666666666666666,0,-0.8666666666666667,1,0,0,0,0,0,0,0,1,0,1,0,0
0.6153846153846154,1,1.5,-2.4985994397759104,0,-1.8888888888888888,1,-0.3333333333333333,1,0,0,0,0,0,0,1,0,0,0,1,0
0.6153846153846154,1,-0.75,-2.4985994397759104,-1,-0.3333333333333333,1,1.3333333333333333,1,0,0,0,0,1,0,0,0,0,0,1,0
0.6153846153846154,1,-0.75,-2.4985994397759104,-1,-1.8888888888888888,1,-0.6666666666666666,1,0,0,0,0,1,0,0,0,0,0,1,0
0.6153846153846154,1,1.0,-2.4985994397759104,-1,-1.7222222222222223,0,1.0,1,0,0,0,0,1,0,0,0,0,0,0,1
0.6923076923076923,1,-1.5,-2.4985994397759104,-1,-0.8611111111111112,0,-0.9333333333333332,1,0,0,0,0,1,0,0,0,0,0,1,0
0.6923076923076923,1,0.5,-2.4985994397759104,-1,0.25,0,1.0,1,0,0,0,0,1,0,0,0,0,1,0,0
0.6923076923076923,1,1.0,-2.4985994397759104,0,-1.5,1,1.0,1,0,0,0,0,1,0,0,0,0,0,1,0
0.6923076923076923,1,1.0,-2.4985994397759104,-1,0.3888888888888889,0,2.1333333333333333,1,0,0,0,0,1,0,0,0,0,0,0,1
0.6923076923076923,1,2.75,-2.4985994397759104,0,-1.1666666666666667,1,-0.3333333333333333,1,0,0,0,0,1,0,0,0,0,0,1,0
0.7692307692307693,0,3.5,-2.4985994397759104,0,0.0,1,0.3333333333333333,1,0,0,0,0,1,0,0,0,0,0,1,0
0.7692307692307693,0,-1.75,-2.4985994397759104,-1,0.1388888888888889,0,0.4000000000000001,1,0,0,0,0,1,0,0,0,0,0,1,0
0.7692307692307693,1,-1.0,-2.4985994397759104,-1,-0.7222222222222222,1,0.5333333333333333,1,0,0,0,0,1,0,0,0,0,0,1,0
0.8461538461538461,1,-0.75,-2.4985994397759104,0,-1.3055555555555556,1,-0.3333333333333333,1,0,0,0,0,1,0,0,0,0,0,1,0
0.8461538461538461,1,0.75,-2.4985994397759104,-1,-2.0277777777777777,0,0.0,1,0,0,0,1,1,0,0,0,0,0,0,1
0.8461538461538461,1,1.25,-2.4985994397759104,-1,0.3888888888888889,0,0.3333333333333333,0,0,0,0,0,1,0,0,0,0,0,1,0
0.8461538461538461,1,1.5,-2.4985994397759104,1,-0.5,0,0.0,1,0,0,0,1,1,0,0,0,0,0,0,1
0.9230769230769231,0,1.25,-2.4985994397759104,-1,-1.3888888888888888,0,-0.3333333333333333,1,0,0,0,0,1,0,0,0,0,0,1,0
0.9230769230769231,1,1.0,-2.4985994397759104,0,-0.8888888888888888,1,1.0,1,0,0,0,0,1,0,0,0,0,0,1,0
1.0,1,0.75,-2.4985994397759104,0,-0.4166666666666667,0,-0.3333333333333333,1,0,0,0,0,0,0,0,1,0,1,0,0
1.0769230769230769,1,0.25,-2.4985994397759104,0,-0.5555555555555556,1,-0.3333333333333333,1,0,0,0,0,1,0,0,0,0,0,0,1
1.0769230769230769,1,0.75,-2.4985994397759104,-1,-0.1111111111111111,0,0.8666666666666667,1,0,0,0,0,1,0,0,0,0,0,1,0
1.1538461538461537,1,0.25,-2.4985994397759104,0,-0.2777777777777778,0,-0.3333333333333333,1,0,0,0,0,1,0,0,0,0,0,1,0
1.1538461538461537,1,0.0,-2.4985994397759104,0,0.0,-1,0.0,1,1,0,1,1,1,0,0,0,0,0,0,1
1.2307692307692308,1,-0.75,-2.4985994397759104,0,-1.3333333333333333,1,-0.3333333333333333,1,0,0,0,0,1,0,0,0,0,0,0,1
1.2307692307692308,1,0.5,-2.4985994397759104,1,0.4722222222222222,1,1.0,1,0,0,0,0,1,0,0,0,0,0,1,0
1.3846153846153846,1,1.5,-2.4985994397759104,-1,-0.7222222222222222,0,0.7333333333333334,0,0,0,0,0,0,0,1,0,0,1,0,0
1.4615384615384615,0,1.5,-2.4985994397759104,0,-0.5277777777777778,0,-0.3333333333333333,1,0,0,0,0,0,0,1,0,0,0,0,1
1.5384615384615385,1,0.75,-2.4985994397759104,-1,-0.4722222222222222,0,0.5333333333333333,1,0,0,0,0,0,1,0,0,0,0,0,1
0.6923076923076923,1,0.5,0.41456582633053224,0,-0.7777777777777778,1,1.6666666666666667,1,0,0,0,0,1,0,0,0,0,0,0,1
-0.7692307692307693,1,0.0,-0.1568627450980392,0,-0.3611111111111111,0,-0.3333333333333333,0,0,0,0,0,1,0,0,0,0,0,0,1
0.46153846153846156,1,0.1,-0.056022408963585436,0,0.0,1,0.6666666666666666,1,0,0,0,0,1,0,0,0,0,0,0,1
0.07692307692307693,1,0.6,0.056022408963585436,0,0.25,1,1.3333333333333333,1,0,0,0,0,1,0,0,0,0,0,0,1
0.9230769230769231,1,-1.0,-0.11204481792717087,1,-1.1388888888888888,1,0.5333333333333333,0,0,0,0,0,0,0,1,0,0,1,0,0
0.9230769230769231,1,-0.5,-2.4985994397759104,0,-0.5555555555555556,0,-0.6666666666666666,0,0,0,0,0,0,0,1,0,0,0,0,1
0.8461538461538461,1,1.0,0.14565826330532214,1,-0.9722222222222222,1,-0.3333333333333333,1,0,0,0,0,1,0,0,0,0,0,0,1
0.46153846153846156,1,2.5,-2.4985994397759104,0,0.0,1,0.6666666666666666,0,0,0,0,0,0,0,1,0,0,0,0,1
0.46153846153846156,1,-0.5,-2.4985994397759104,-1,0.027777777777777776,1,1.0,1,0,0,0,0,0,0,1,0,0,0,1,0
0.46153846153846156,1,1.5,0.49299719887955185,1,0.4722222222222222,0,0.0,1,0,0,0,0,0,1,0,0,0,0,0,1
0.15384615384615385,1,-0.2,-0.6386554621848739,0,0.0,0,-0.3333333333333333,0,0,0,0,0,0,1,0,0,0,0,0,1
0.38461538461538464,1,0.5,-2.4985994397759104,0,-0.6388888888888888,1,0.3333333333333333,1,0,0,0,0,1,0,0,0,0,0,0,1
0.6153846153846154,1,-1.0,-2.4985994397759104,0,-0.5555555555555556,1,0.0,1,0,0,0,0,1,0,0,0,0,0,1,0
0.6923076923076923,1,0.0,-2.4985994397759104,0,0.0,-1,0.0,1,1,0,1,1,0,0,1,0,0,1,0,0
0.23076923076923078,1,-0.1,-2.4985994397759104,1,0.2222222222222222,1,0.3333333333333333,1,0,0,0,0,1,0,0,0,0,0,0,1
0.6153846153846154,1,-0.5,-0.03361344537815126,0,-1.5,0,-0.3333333333333333,0,0,0,0,0,1,0,0,0,0,0,0,1
0.6923076923076923,1,2.0,-0.5154061624649859,0,-1.5555555555555556,1,1.3333333333333333,1,0,0,0,0,1,0,0,0,0,0,1,0
-0.6153846153846154,1,-1.0,0.14565826330532214,0,-0.4166666666666667,1,1.0,1,0,0,0,0,1,0,0,0,0,0,1,0
0.6923076923076923,1,-0.2,-2.4985994397759104,0,-0.5555555555555556,0,0.6666666666666666,0,0,0,0,0,1,0,0,0,0,0,0,1
0.46153846153846156,1,1.1,-2.4985994397759104,0,-0.6111111111111112,1,-0.3333333333333333,0,0,0,0,0,1,0,0,0,0,0,0,1
0.3076923076923077,1,-0.7,-2.4985994397759104,0,-0.4444444444444444,0,0.3333333333333333,1,0,0,0,0,1,0,0,0,0,0,1,0
0.7692307692307693,1,-0.5,-2.4985994397759104,1,-0.9444444444444444,0,1.0,1,0,0,0,0,1,0,0,0,0,0,0,1
0.6923076923076923,1,0.0,-2.4985994397759104,0,-0.8055555555555556,1,-0.3333333333333333,1,0,0,0,0,0,0,1,0,0,0,0,1
1.5384615384615385,1,0.0,-2.4985994397759104,0,0.0,-1,0.0,0,1,0,1,1,0,0,1,0,0,0,1,0
-0.15384615384615385,1,-0.1,-2.4985994397759104,0,1.1111111111111112,0,1.6666666666666667,1,0,0,0,0,0,0,1,0,0,0,0,1
1.1538461538461537,1,0.0,-2.4985994397759104,1,-0.3055555555555556,0,0.3333333333333333,1,0,0,0,0,1,0,0,0,0,0,0,1
-0.23076923076923078,1,0.0,-2.4985994397759104,1,0.0,-1,0.0,1,1,0,1,1,1,0,0,0,0,0,0,1
0.46153846153846156,1,0.0,-0.41456582633053224,1,0.0,1,0.0,1,0,0,0,0,1,0,0,0,0,0,0,1
0.15384615384615385,1,-0.5,-1.3781512605042017,0,-0.5555555555555556,1,0.6666666666666666,1,0,0,0,0,1,0,0,0,0,0,1,0
0.07692307692307693,1,0.0,0.056022408963585436,0,0.0,-1,0.0,1,1,0,1,1,0,0,1,0,0,0,0,1
0.0,1,0.0,-2.4985994397759104,0,0.0,-1,0.0,1,1,0,1,1,1,0,0,0,0,0,0,1
1.7692307692307692,1,-0.3,-0.5826330532212886,0,-0.8333333333333334,1,1.0,1,0,0,0,0,1,0,0,0,0,0,0,1
0.6923076923076923,1,1.5,0.0784313725490196,1,-0.9722222222222222,1,0.3333333333333333,1,0,0,0,0,1,0,0,0,0,0,1,0
0.07692307692307693,1,-6.5,-2.4985994397759104,0,0.4166666666666667,0,0.6666666666666666,1,0,0,0,0,0,0,1,0,0,0,1,0
-0.15384615384615385,1,-0.4,-2.4985994397759104,0,-0.8333333333333334,1,1.0,1,0,0,0,0,0,0,1,0,0,0,1,0
0.7692307692307693,1,0.7,-2.4985994397759104,0,-0.5,1,0.3333333333333333,1,0,0,0,0,1,0,0,0,0,0,0,1
0.46153846153846156,1,0.0,0.6498599439775911,0,0.0,-1,0.0,1,1,0,1,1,1,0,0,0,0,0,0,1
0.46153846153846156,1,-0.5,-2.4985994397759104,0,-0.19444444444444445,1,1.0,0,0,0,0,0,1,0,0,0,0,0,1,0
0.3076923076923077,1,0.0,-0.22408963585434175,1,0.0,-1,0.0,1,1,0,1,1,1,0,0,0,0,0,1,0
0.38461538461538464,1,1.2,-2.4985994397759104,0,-0.25,1,0.6666666666666666,0,0,0,0,0,1,0,0,0,0,0,0,1
0.5384615384615384,1,-0.5,-2.4985994397759104,0,-1.6666666666666667,1,-0.3333333333333333,1,0,0,0,0,0,0,1,0,0,0,1,0
-1.0769230769230769,1,-0.25,-2.4985994397759104,1,0.6944444444444444,0,-0.3333333333333333,1,0,0,0,0,1,0,0,0,0,0,1,0
0.5384615384615384,1,0.0,-2.4985994397759104,1,-1.5,0,0.6666666666666666,1,1,0,0,0,1,0,0,0,0,0,0,1
-1.0,1,-1.3,-2.4985994397759104,0,-0.8055555555555556,0,-0.3333333333333333,0,0,0,0,0,1,0,0,0,0,0,0,1
0.23076923076923078,1,0.0,0.6050420168067226,1,0.0,-1,0.0,1,1,0,1,1,1,0,0,0,0,0,0,1
0.6923076923076923,1,0.3,-2.4985994397759104,0,-1.5555555555555556,1,-0.3333333333333333,1,0,0,0,0,1,0,0,0,0,0,1,0
0.38461538461538464,1,-0.4,0.11204481792717087,0,-0.6388888888888888,1,0.5333333333333333,1,0,0,0,0,1,0,0,0,0,0,1,0
-0.23076923076923078,1,-0.1,-2.4985994397759104,0,-0.9166666666666666,0,-0.3333333333333333,0,0,0,0,0,1,0,0,0,0,0,1,0
0.38461538461538464,1,0.0,-2.4985994397759104,0,-0.3333333333333333,1,1.0,1,1,0,0,0,0,0,1,0,0,0,1,0
-0.9230769230769231,1,0.2,0.19047619047619047,-1,0.5555555555555556,0,-0.3333333333333333,0,0,0,0,0,0,0,1,0,0,0,1,0
0.07692307692307693,1,-0.5,-2.4985994397759104,0,-0.4166666666666667,1,1.3333333333333333,1,0,0,0,0,0,0,1,0,0,0,0,1
0.6923076923076923,0,0.0,-2.4985994397759104,0,0.0,-1,0.0,0,1,0,1,1,0,1,0,0,0,0,1,0
0.6153846153846154,1,1.1,-0.7843137254901961,0,-1.1944444444444444,1,0.7333333333333334,1,0,0,0,0,1,0,0,0,0,0,0,1
0.15384615384615385,1,-0.3,0.011204481792717087,1,0.5833333333333334,0,1.0,0,0,0,0,0,0,1,0,0,0,0,1,0
-0.07692307692307693,1,-0.2,-2.4985994397759104,0,-0.9444444444444444,0,-0.3333333333333333,1,0,0,0,0,1,0,0,0,0,0,1,0
1.0769230769230769,1,0.4,-2.4985994397759104,0,-0.2777777777777778,1,1.6666666666666667,1,0,0,0,0,1,0,0,0,0,0,1,0
-0.07692307692307693,1,1.2,-2.4985994397759104,-1,0.0,1,0.6666666666666666,1,0,0,0,0,1,0,0,0,0,0,0,1
0.46153846153846156,1,0.0,1.0420168067226891,1,0.0,-1,0.0,1,1,0,1,1,0,0,1,0,0,0,0,1
0.6153846153846154,1,0.0,-2.4985994397759104,0,0.0,-1,0.0,0,1,0,1,1,0,1,0,0,0,0,1,0
0.38461538461538464,1,2.4,-2.4985994397759104,1,-0.5555555555555556,1,-0.3333333333333333,1,0,0,0,0,1,0,0,0,0,1,0,0
-0.23076923076923078,1,0.0,-0.056022408963585436,1,0.0,-1,0.0,0,1,0,1,1,1,0,0,0,0,1,0,0
0.5384615384615384,1,-1.0,-2.4985994397759104,-1,-0.8888888888888888,1,1.0,1,0,0,0,0,1,0,0,0,0,0,1,0
0.23076923076923078,1,0.0,0.9859943977591037,-1,0.2222222222222222,1,1.0,1,0,0,0,0,1,0,0,0,0,0,0,1
0.15384615384615385,1,2.0,-2.4985994397759104,0,-0.4722222222222222,1,1.3333333333333333,1,0,0,0,0,0,0,1,0,0,1,0,0
0.3076923076923077,1,-0.2,-2.4985994397759104,1,-0.8333333333333334,1,1.0,1,0,0,0,0,0,1,0,0,0,0,1,0
1.1538461538461537,1,0.5,-2.4985994397759104,-1,-0.6111111111111112,0,1.3333333333333333,1,0,0,0,0,0,0,1,0,0,0,0,1
1.0,1,0.6,0.5266106442577031,1,-0.4166666666666667,0,1.3333333333333333,1,0,0,0,0,0,0,0,1,0,0,1,0
0.3076923076923077,1,-0.5,-2.4985994397759104,0,-0.9444444444444444,1,0.6666666666666666,1,0,0,0,0,1,0,0,0,0,1,0,0
0.8461538461538461,1,0.0,-2.4985994397759104,0,0.0,-1,0.0,1,1,0,1,1,1,0,0,0,0,0,1,0
0.6923076923076923,1,0.0,-0.06722689075630252,1,0.0,-1,0.0,1,1,0,1,1,0,1,0,0,0,0,0,1
0.07692307692307693,1,-1.0,-0.10084033613445378,1,1.1111111111111112,0,0.0,0,0,0,0,1,0,1,0,0,0,0,0,1
0.23076923076923078,1,0.5,-0.10084033613445378,0,0.1111111111111111,1,1.0,1,0,0,0,0,1,0,0,0,0,0,0,1
0.8461538461538461,1,0.0,0.32492997198879553,0,0.0,-1,0.0,0,1,0,1,1,0,0,0,1,0,0,1,0
0.0,1,0.3,-0.03361344537815126,0,0.0,1,1.6666666666666667,1,0,0,0,0,1,0,0,0,0,0,1,0
1.3846153846153846,1,-0.5,-0.10084033613445378,0,-1.0555555555555556,1,0.3333333333333333,1,0,0,0,0,0,0,1,0,0,0,1,0
1.6153846153846154,1,2.0,-0.22408963585434175,1,-0.8888888888888888,0,-0.3333333333333333,1,0,0,0,0,1,0,0,0,0,0,0,1
-0.38461538461538464,1,0.0,-2.4985994397759104,0,0.1388888888888889,0,1.6666666666666667,1,0,0,0,0,0,0,0,1,0,0,0,1
-0.23076923076923078,1,0.0,1.2997198879551821,0,0.0,-1,0.0,1,1,0,1,1,0,0,1,0,0,0,1,0
0.46153846153846156,1,0.6,-0.0784313725490196,0,-0.8333333333333334,1,1.3333333333333333,1,0,0,0,0,1,0,0,0,0,0,1,0
0.7692307692307693,0,0.6,0.5938375350140056,0,0.0,1,0.3333333333333333,1,0,0,0,0,1,0,0,0,0,0,1,0
0.3076923076923077,1,0.1,2.6330532212885154,1,-1.9722222222222223,0,0.3333333333333333,0,0,0,0,0,1,0,0,0,0,0,1,0
0.5384615384615384,1,0.8,0.20168067226890757,0,0.2222222222222222,1,1.6666666666666667,1,0,0,0,0,1,0,0,0,0,0,1,0
1.0,1,1.5,1.803921568627451,1,-0.2777777777777778,1,-0.3333333333333333,1,0,0,0,0,1,0,0,0,0,0,0,1
0.6153846153846154,1,0.25,0.8291316526610645,0,-0.2777777777777778,1,0.3333333333333333,1,0,0,0,0,1,0,0,0,0,0,1,0
0.8461538461538461,1,0.3,0.2801120448179272,0,0.0,1,2.3333333333333335,1,0,0,0,0,1,0,0,0,0,0,1,0
0.6923076923076923,1,0.0,0.9523809523809523,0,-0.05555555555555555,1,1.0,1,0,0,0,0,1,0,0,0,0,0,1,0
1.1538461538461537,1,0.5,-0.16806722689075632,0,0.0,1,1.0,1,0,0,0,0,1,0,0,0,0,0,0,1
-0.23076923076923078,1,0.0,0.04481792717086835,1,0.0,-1,0.0,0,1,0,1,1,1,0,0,0,0,0,0,1
0.6153846153846154,1,1.4,-0.14565826330532214,1,-0.7777777777777778,1,1.6666666666666667,1,0,0,0,0,1,0,0,0,0,0,1,0
0.07692307692307693,1,0.0,0.24649859943977592,1,0.0,-1,0.0,1,1,0,1,1,0,0,1,0,0,0,0,1
1.6153846153846154,1,0.3,0.022408963585434174,0,-0.7777777777777778,1,1.6666666666666667,1,0,0,0,0,1,0,0,0,0,0,1,0
-1.0769230769230769,1,-1.2,0.19047619047619047,0,-1.6666666666666667,1,-0.3333333333333333,0,0,0,0,0,0,0,1,0,0,0,1,0
1.0,1,-0.5,-2.4985994397759104,1,0.2777777777777778,0,0.6666666666666666,1,0,0,0,0,1,0,0,0,0,0,1,0
0.3076923076923077,1,-1.0,-0.2801120448179272,0,-0.8333333333333334,0,-0.3333333333333333,1,0,0,0,0,1,0,0,0,0,0,1,0
0.46153846153846156,1,0.0,-0.3137254901960784,0,0.0,-1,0.0,0,1,0,1,1,1,0,0,0,0,0,1,0
0.6923076923076923,1,1.5,0.49299719887955185,1,-1.4444444444444444,1,1.0,1,0,0,0,0,1,0,0,0,0,0,0,1
-1.4615384615384615,1,0.0,-0.6946778711484594,0,0.0,-1,0.0,0,1,0,1,1,0,0,1,0,0,0,0,1
0.6153846153846154,1,-0.9,0.39215686274509803,0,0.2777777777777778,1,0.0,1,0,0,0,1,0,0,0,1,0,0,0,1
-0.8461538461538461,1,-0.4,-2.4985994397759104,0,-0.5555555555555556,0,0.0,1,0,0,0,0,1,0,0,0,0,0,1,0
0.6923076923076923,1,0.0,-2.4985994397759104,1,0.5555555555555556,0,1.6666666666666667,0,0,0,0,0,0,0,1,0,0,0,0,1
1.0769230769230769,1,1.0,-0.3137254901960784,1,-0.2222222222222222,0,-0.3333333333333333,1,0,0,0,0,0,0,1,0,0,0,1,0
0.8461538461538461,1,1.0,0.13445378151260504,0,-0.5555555555555556,1,0.6666666666666666,1,0,0,0,0,1,0,0,0,0,0,1,0
-0.46153846153846156,1,-1.4,-2.4985994397759104,-1,-0.8333333333333334,1,0.3333333333333333,1,0,0,0,0,0,0,1,0,0,0,0,1
0.6923076923076923,1,-1.7,0.9187675070028011,0,-0.5277777777777778,1,0.3333333333333333,1,0,0,0,0,1,0,0,0,0,0,0,1
0.7692307692307693,1,0.0,0.0,0,-0.3333333333333333,0,0.0,0,0,0,0,0,1,0,0,0,0,0,0,1
0.5384615384615384,1,-0.5,0.6610644257703081,0,-0.1388888888888889,1,2.3333333333333335,1,0,0,0,0,1,0,0,0,0,0,0,1
-0.3076923076923077,1,0.7,1.411764705882353,0,-0.5555555555555556,1,0.3333333333333333,1,0,0,0,0,1,0,0,0,0,1,0,0
0.38461538461538464,1,-0.3,0.0,0,-0.6388888888888888,1,0.3333333333333333,1,0,1,0,0,1,0,0,0,0,0,1,0
0.07692307692307693,1,1.0,-0.7058823529411765,0,0.2777777777777778,0,-0.3333333333333333,0,0,0,0,0,1,0,0,0,0,0,0,1
-0.6923076923076923,1,0.0,0.14565826330532214,0,0.0,-1,0.0,0,1,0,1,1,0,0,1,0,0,0,1,0
0.8461538461538461,1,0.0,0.9971988795518207,0,0.0,-1,0.0,1,1,0,1,1,1,0,0,0,0,1,0,0
0.5384615384615384,1,0.0,0.6722689075630253,0,0.0,-1,0.0,0,1,0,1,1,0,1,0,0,0,0,1,0
-0.38461538461538464,1,0.0,-0.907563025210084,0,0.0,-1,0.0,1,1,0,1,1,0,0,1,0,0,0,1,0
1.3846153846153846,1,0.0,-0.13445378151260504,0,0.0,-1,0.0,1,1,0,1,1,1,0,0,0,0,0,1,0
-0.3076923076923077,1,0.0,-0.056022408963585436,0,0.0,-1,0.0,1,1,0,1,1,1,0,0,0,0,0,1,0
0.7692307692307693,1,0.0,0.9299719887955182,1,0.0,-1,0.0,1,1,0,1,1,1,0,0,0,0,0,0,1
0.07692307692307693,1,-0.7,-0.41456582633053224,1,-1.0555555555555556,0,-0.3333333333333333,1,0,0,0,0,1,0,0,0,0,0,0,1
0.6923076923076923,1,-1.0,0.32492997198879553,0,0.0,1,1.0,1,0,0,0,0,1,0,0,0,0,0,0,1
0.38461538461538464,1,-0.25,-0.011204481792717087,0,-0.1388888888888889,1,1.3333333333333333,1,0,0,0,0,1,0,0,0,0,0,1,0
0.15384615384615385,1,0.0,-2.4985994397759104,0,0.0,-1,0.0,1,1,0,1,1,1,0,0,0,0,1,0,0
0.6153846153846154,1,0.0,-2.4985994397759104,1,0.0,-1,0.0,1,1,0,1,1,0,0,1,0,0,0,0,1
1.5384615384615385,1,1.0,0.39215686274509803,1,-0.2777777777777778,1,2.3333333333333335,1,0,0,0,0,1,0,0,0,0,0,0,1
0.0,1,0.0,-0.23529411764705882,1,-0.7777777777777778,1,1.0,1,0,0,0,0,1,0,0,0,0,0,1,0
0.23076923076923078,1,-1.0,-0.2913165266106443,0,-1.1111111111111112,0,-0.3333333333333333,0,0,0,0,0,1,0,0,0,0,1,0,0
0.6153846153846154,1,0.0,-0.21288515406162464,0,0.0,-1,0.0,1,1,0,1,1,0,0,1,0,0,0,0,1
1.6923076923076923,1,-1.3,0.0,0,-0.5555555555555556,0,2.0,1,0,1,0,0,0,0,1,0,0,1,0,0
0.0,0,0.4,0.5714285714285714,0,-0.9722222222222222,1,0.6666666666666666,1,0,0,0,0,1,0,0,0,0,0,1,0
1.2307692307692308,1,2.0,-0.3473389355742297,0,-0.3055555555555556,1,1.6666666666666667,1,0,0,0,0,1,0,0,0,0,0,0,1
0.5384615384615384,0,0.5,0.8403361344537815,1,-0.5555555555555556,1,-0.3333333333333333,0,0,0,0,0,0,1,0,0,0,0,1,0
-0.46153846153846156,1,0.0,0.5490196078431373,0,0.0,-1,0.0,0,1,0,1,1,1,0,0,0,0,0,0,1
-0.46153846153846156,1,0.1,-0.03361344537815126,1,0.6111111111111112,0,-0.3333333333333333,1,0,0,0,0,0,0,1,0,0,0,0,1
0.5384615384615384,1,0.6,-0.25770308123249297,1,-1.1111111111111112,0,0.6666666666666666,1,0,0,0,0,0,0,0,1,0,0,0,1
0.9230769230769231,1,-0.9,0.4257703081232493,0,0.0,0,0.6666666666666666,1,0,0,0,0,1,0,0,0,0,0,1,0
1.0769230769230769,1,0.0,-0.47058823529411764,1,0.0,-1,0.0,0,1,0,1,1,0,0,0,1,0,0,0,1
0.07692307692307693,1,2.1,0.41456582633053224,0,-1.8611111111111112,0,1.0,1,0,0,0,0,1,0,0,0,0,0,1,0
0.6153846153846154,1,-0.5,-0.03361344537815126,0,-1.5,0,-0.3333333333333333,0,0,0,0,0,0,0,1,0,0,1,0,0
1.3076923076923077,1,0.0,-0.022408963585434174,0,0.0,-1,0.0,1,1,0,1,1,0,0,1,0,0,0,1,0
1.5384615384615385,1,0.0,-0.0784313725490196,1,0.0,-1,0.0,1,1,0,1,1,0,0,0,1,0,0,1,0
-0.07692307692307693,1,1.25,-0.5378151260504201,1,0.5555555555555556,0,0.0,0,0,0,0,1,0,0,1,0,0,0,0,1
0.3076923076923077,1,1.0,-0.04481792717086835,0,-0.6111111111111112,1,-0.3333333333333333,1,0,0,0,0,0,0,1,0,0,0,0,1
1.6153846153846154,1,1.5,0.9747899159663865,1,-0.7777777777777778,1,1.0,0,0,0,0,0,1,0,0,0,0,0,1,0
0.15384615384615385,1,0.0,-0.16806722689075632,1,0.0,-1,0.0,1,1,0,1,1,0,0,1,0,0,0,0,1
0.3076923076923077,1,0.0,0.10084033613445378,0,0.0,-1,0.0,1,1,0,1,1,0,0,1,0,0,0,0,1
0.7692307692307693,1,0.2,0.5602240896358543,0,-1.0555555555555556,1,2.3333333333333335,1,0,0,0,0,1,0,0,0,0,0,1,0
0.0,1,0.0,-0.22408963585434175,0,0.0,-1,0.0,0,1,0,1,1,0,0,1,0,0,0,0,1
0.0,1,0.0,-0.45938375350140054,0,0.0,-1,0.0,0,1,0,1,1,0,1,0,0,0,0,0,1
0.38461538461538464,1,0.5,0.5714285714285714,0,0.3888888888888889,1,1.0,0,0,0,0,0,1,0,0,0,0,0,1,0
0.07692307692307693,1,0.0,-0.21288515406162464,1,0.0,-1,0.0,1,1,0,1,1,1,0,0,0,0,0,0,1
0.23076923076923078,1,0.7,0.5266106442577031,1,0.5555555555555556,1,1.0,1,0,0,0,0,1,0,0,0,0,0,0,1
0.5384615384615384,1,0.0,0.773109243697479,0,0.0,-1,0.0,1,1,0,1,1,1,0,0,0,0,0,0,1
-1.0,1,1.0,-0.5826330532212886,0,-0.3333333333333333,1,0.6666666666666666,0,0,0,0,0,1,0,0,0,0,0,1,0
1.3076923076923077,1,0.0,-0.022408963585434174,0,-0.6944444444444444,1,-0.3333333333333333,1,0,0,0,0,1,0,0,0,0,0,0,1
-1.2307692307692308,1,-1.0,0.7394957983193278,0,-0.9722222222222222,1,0.6666666666666666,1,0,0,0,0,1,0,0,0,0,0,1,0
0.07692307692307693,1,1.4,-0.06722689075630252,0,-0.8333333333333334,1,1.3333333333333333,1,0,0,0,0,1,0,0,0,0,0,1,0
0.15384615384615385,1,-0.1,0.0,0,-0.5833333333333334,1,1.0,1,0,0,0,0,1,0,0,0,0,0,0,1
1.1538461538461537,1,0.0,0.0,1,0.0,-1,0.0,1,1,1,1,1,1,0,0,0,0,0,1,0
0.7692307692307693,1,1.0,-0.33613445378151263,0,-0.1388888888888889,1,0.0,1,0,0,0,0,1,0,0,0,0,0,0,1
1.3846153846153846,1,1.5,0.0,1,-0.2777777777777778,0,0.6666666666666666,1,0,1,0,0,1,0,0,0,0,1,0,0
1.1538461538461537,1,0.0,-0.14565826330532214,1,0.0,-1,0.0,1,1,0,1,1,1,0,0,0,0,0,0,1
0.15384615384615385,1,0.0,0.6610644257703081,1,0.0,-1,0.0,1,1,0,1,1,1,0,0,0,0,0,1,0
0.6153846153846154,1,0.0,-0.5938375350140056,0,-0.5555555555555556,1,1.6666666666666667,1,1,0,0,0,1,0,0,0,0,0,0,1
1.0,1,0.0,1.6358543417366946,0,0.0,-1,0.0,1,1,0,1,1,1,0,0,0,0,0,1,0
0.23076923076923078,1,1.3,-0.5602240896358543,0,-0.5833333333333334,1,1.6666666666666667,1,0,0,0,0,1,0,0,0,0,1,0,0
1.1538461538461537,1,0.0,0.7394957983193278,1,0.0,-1,0.0,1,1,0,1,1,1,0,0,0,0,0,0,1
-0.23076923076923078,1,0.0,0.0,1,0.0,-1,0.0,1,1,1,1,1,1,0,0,0,0,1,0,0
-0.46153846153846156,1,0.5,0.0,0,0.5277777777777778,1,0.6666666666666666,1,0,1,0,0,1,0,0,0,0,0,1,0
1.1538461538461537,1,-0.4,-0.0784313725490196,1,-1.5555555555555556,1,-0.3333333333333333,1,0,0,0,0,1,0,0,0,0,1,0,0
1.1538461538461537,1,0.0,0.5378151260504201,0,0.0,-1,0.0,0,1,0,1,1,0,0,1,0,0,1,0,0
0.7692307692307693,1,0.0,0.23529411764705882,1,0.0,-1,0.0,1,1,0,1,1,1,0,0,0,0,0,0,1
0.23076923076923078,1,2.5,0.6946778711484594,1,-0.5555555555555556,0,0.20000000000000004,1,0,0,0,0,0,1,0,0,0,0,0,1
-0.07692307692307693,1,-0.3,0.22408963585434175,0,-0.5,1,1.0,1,0,0,0,0,1,0,0,0,0,0,1,0
-1.3076923076923077,1,-0.6,0.19047619047619047,0,0.6944444444444444,0,0.3333333333333333,0,0,0,0,0,0,0,1,0,0,1,0,0
1.0,1,0.5,-0.04481792717086835,0,-0.5,1,1.0,1,0,0,0,0,1,0,0,0,0,0,0,1
1.5384615384615385,1,0.5,0.1568627450980392,1,-1.2777777777777777,0,-0.3333333333333333,1,0,0,0,0,0,0,1,0,0,0,1,0
0.6923076923076923,1,0.0,-0.6498599439775911,0,0.0,-1,0.0,0,1,0,1,1,0,1,0,0,0,0,0,1
0.3076923076923077,1,-1.5,-0.11204481792717087,0,-0.8333333333333334,0,-0.3333333333333333,0,0,0,0,0,1,0,0,0,0,0,0,1
0.5384615384615384,1,3.0,0.7170868347338936,1,0.2777777777777778,1,1.0,1,0,0,0,0,1,0,0,0,0,1,0,0
0.7692307692307693,1,0.0,0.39215686274509803,1,-0.2777777777777778,0,-0.3333333333333333,1,0,0,0,0,1,0,0,0,0,1,0,0
0.3076923076923077,1,1.5,0.3697478991596639,1,-0.75,1,0.3333333333333333,1,0,0,0,0,1,0,0,0,0,1,0,0
0.46153846153846156,1,0.0,-0.41456582633053224,1,0.0,1,0.0,1,0,0,0,0,1,0,0,0,0,1,0,0
0.23076923076923078,1,-0.4,0.45938375350140054,0,-1.1111111111111112,0,-0.3333333333333333,1,0,0,0,0,1,0,0,0,0,1,0,0
0.07692307692307693,1,0.0,0.0,0,0.0,-1,0.0,0,1,1,1,1,0,0,1,0,0,0,0,1
0.07692307692307693,1,-0.5,0.03361344537815126,0,-0.3611111111111111,1,0.7999999999999999,1,0,0,0,0,1,0,0,0,0,1,0,0
0.15384615384615385,1,0.0,-0.22408963585434175,1,-1.1666666666666667,0,0.6666666666666666,1,0,0,0,0,1,0,0,0,0,0,1,0
0.23076923076923078,1,0.0,-0.1792717086834734,0,-1.2222222222222223,1,0.3333333333333333,0,0,0,0,0,1,0,0,0,0,0,0,1
0.5384615384615384,1,0.0,0.6834733893557423,0,0.0,-1,0.0,1,1,0,1,1,0,0,1,0,0,0,1,0
0.5384615384615384,1,-0.5,1.2773109243697478,0,-1.1666666666666667,1,-0.3333333333333333,1,0,0,0,0,0,0,1,0,0,0,1,0
0.3076923076923077,1,1.0,-0.04481792717086835,0,-0.6111111111111112,1,-0.3333333333333333,1,0,0,0,0,0,0,1,0,0,0,0,1
1.5384615384615385,1,1.25,0.9747899159663865,0,-0.7777777777777778,1,0.6666666666666666,1,0,0,0,0,1,0,0,0,0,0,1,0
1.0769230769230769,1,0.2,0.3473389355742297,1,0.3055555555555556,1,-0.3333333333333333,0,0,0,0,0,0,0,1,0,0,0,1,0
-0.23076923076923078,0,-0.8,0.39215686274509803,1,-1.2222222222222223,0,0.3333333333333333,0,0,0,0,0,1,0,0,0,0,1,0,0
0.6153846153846154,1,1.5,0.3473389355742297,1,-0.8888888888888888,1,1.6666666666666667,1,0,0,0,0,1,0,0,0,0,0,0,1
-0.07692307692307693,1,0.7,0.8627450980392157,1,-0.3333333333333333,1,0.6666666666666666,1,0,0,0,0,1,0,0,0,0,0,0,1
0.6153846153846154,1,1.4,-0.5938375350140056,0,-0.05555555555555555,1,-0.3333333333333333,1,0,0,0,0,1,0,0,0,0,0,0,1
-0.6153846153846154,1,0.2,0.9747899159663865,0,-0.3888888888888889,0,-0.3333333333333333,1,0,0,0,0,1,0,0,0,0,0,1,0
0.0,0,-0.15,1.2324929971988796,1,0.3888888888888889,0,-0.3333333333333333,1,0,0,0,0,1,0,0,0,0,0,0,1
0.6153846153846154,1,0.0,-0.9411764705882353,0,0.0,-1,0.0,0,1,0,1,1,0,0,0,1,0,0,0,1
0.07692307692307693,1,-0.4,0.0,1,-1.1111111111111112,0,-0.3333333333333333,1,0,0,0,0,1,0,0,0,0,0,0,1
0.3076923076923077,1,0.0,1.815126050420168,1,0.0,-1,0.0,0,1,0,1,1,1,0,0,0,0,1,0,0
0.6153846153846154,1,-0.5,0.3473389355742297,0,-1.3055555555555556,1,-0.3333333333333333,1,0,0,0,0,0,1,0,0,0,1,0,0
